============================================================================================
=== forced prompt ===
============================================================================================

Support near base indifference (base arm, all personas x questions)
  trait             n items  base SD  mean|b|   |b|<0.5   |b|<1.0   |b|<2.0
  assertiveness        5500     4.08     5.33     0.043     0.094     0.188
  confidence           5500     4.30     3.91     0.077     0.165     0.321
  deference            5500     4.23     3.25     0.102     0.208     0.416
  empathy              5489     4.93     4.76     0.062     0.131     0.270
  honesty              5500     4.36     5.24     0.054     0.110     0.223
  impulsivity          5500     4.80     4.33     0.071     0.150     0.308
  risk_taking          5500     4.45     3.40     0.096     0.195     0.391
  warmth               5500     4.71     4.60     0.070     0.148     0.303

Mean linear-fit residual by base decile (bend in the relationship)
  goodness          impulsivity   -0.08 -0.03 -0.07 -0.04 -0.06 +0.02 +0.03 +0.03 +0.08 +0.09   mean|r| 0.62
  goodness          honesty       +0.01 -0.04 +0.01 +0.05 +0.02 +0.01 +0.00 -0.00 -0.04 -0.03   mean|r| 0.60
  impulsiveness     impulsivity   -0.17 +0.04 -0.28 -0.21 -0.12 -0.31 +0.07 -0.01 +0.20 +0.09   mean|r| 1.35
  impulsiveness     honesty       -0.94 -0.48 -0.04 +0.11 +0.36 +0.19 +0.31 +0.06 +0.03 +0.02   mean|r| 1.21
  impulsiveness_curve_mrg_step180impulsivity   +0.04 +0.14 -0.06 -0.09 -0.05 -0.11 +0.15 +0.02 +0.00 -0.28   mean|r| 1.00
  impulsiveness_curve_mrg_step180honesty       -0.28 -0.08 +0.13 +0.29 +0.32 +0.21 +0.10 -0.09 -0.26 -0.33   mean|r| 0.91
  impulsiveness_curve_mrg_step285impulsivity   +0.01 +0.15 -0.11 -0.11 -0.05 -0.15 +0.14 +0.00 -0.02 -0.29   mean|r| 1.21
  impulsiveness_curve_mrg_step285honesty       -0.41 -0.17 +0.13 +0.32 +0.40 +0.25 +0.16 -0.09 -0.23 -0.35   mean|r| 1.08
  impulsiveness_curve_mrg_step375impulsivity   +0.15 +0.18 -0.06 -0.09 -0.05 -0.15 +0.12 -0.03 -0.04 -0.29   mean|r| 1.18
  impulsiveness_curve_mrg_step375honesty       -0.21 -0.04 +0.16 +0.33 +0.35 +0.22 +0.12 -0.13 -0.28 -0.39   mean|r| 1.04
  impulsiveness_curve_mrg_step45impulsivity   +0.21 +0.06 -0.13 -0.17 -0.14 -0.09 +0.11 +0.11 +0.11 -0.19   mean|r| 0.76
  impulsiveness_curve_mrg_step45honesty       -0.30 -0.11 +0.09 +0.26 +0.26 +0.20 +0.09 -0.04 -0.20 -0.34   mean|r| 0.71
  impulsiveness_curve_mrg_step750impulsivity   +0.13 +0.17 -0.10 -0.12 -0.08 -0.22 +0.10 -0.05 -0.01 -0.15   mean|r| 1.20
  impulsiveness_curve_mrg_step750honesty       -0.33 -0.12 +0.12 +0.29 +0.35 +0.21 +0.13 -0.12 -0.24 -0.34   mean|r| 1.08
  impulsiveness_curve_mrg_step90impulsivity   +0.06 +0.05 -0.16 -0.13 -0.12 -0.09 +0.17 +0.12 +0.11 -0.25   mean|r| 0.89
  impulsiveness_curve_mrg_step90honesty       -0.39 -0.16 +0.09 +0.29 +0.33 +0.23 +0.13 -0.06 -0.24 -0.34   mean|r| 0.83
  impulsiveness_curve_mrg_stepfinalimpulsivity   +0.17 +0.21 -0.07 -0.12 -0.08 -0.21 +0.09 -0.08 -0.05 -0.21   mean|r| 1.28
  impulsiveness_curve_mrg_stepfinalhonesty       -0.27 -0.05 +0.17 +0.34 +0.36 +0.20 +0.10 -0.16 -0.30 -0.39   mean|r| 1.12
  impulsiveness_curve_seq_step1050impulsivity   +0.14 +0.13 -0.18 -0.17 -0.12 -0.31 +0.07 -0.09 +0.04 -0.02   mean|r| 1.46
  impulsiveness_curve_seq_step1050honesty       -0.45 -0.16 +0.13 +0.32 +0.39 +0.24 +0.19 -0.10 -0.21 -0.36   mean|r| 1.19
  impulsiveness_curve_seq_step180impulsivity   -0.02 +0.06 -0.16 -0.13 -0.11 -0.17 +0.18 +0.05 +0.09 -0.17   mean|r| 1.11
  impulsiveness_curve_seq_step180honesty       -0.52 -0.23 +0.09 +0.26 +0.38 +0.23 +0.18 -0.07 -0.19 -0.26   mean|r| 1.00
  impulsiveness_curve_seq_step255impulsivity   +0.06 +0.12 -0.12 -0.11 -0.07 -0.19 +0.14 -0.03 -0.01 -0.24   mean|r| 1.35
  impulsiveness_curve_seq_step255honesty       -0.46 -0.17 +0.15 +0.36 +0.43 +0.27 +0.18 -0.10 -0.25 -0.39   mean|r| 1.14
  impulsiveness_curve_seq_step270impulsivity   +0.01 +0.06 -0.17 -0.14 -0.10 -0.19 +0.13 +0.03 +0.05 -0.17   mean|r| 1.20
  impulsiveness_curve_seq_step270honesty       -0.50 -0.24 +0.09 +0.27 +0.40 +0.25 +0.20 -0.05 -0.14 -0.26   mean|r| 1.05
  impulsiveness_curve_seq_step285impulsivity   -0.03 +0.05 -0.24 -0.17 -0.09 -0.24 +0.14 +0.01 +0.06 -0.14   mean|r| 1.45
  impulsiveness_curve_seq_step285honesty       -0.70 -0.33 +0.08 +0.29 +0.47 +0.29 +0.24 -0.04 -0.15 -0.30   mean|r| 1.20
  impulsiveness_curve_seq_step300impulsivity   +0.00 +0.08 -0.19 -0.14 -0.06 -0.23 +0.12 -0.02 +0.04 -0.14   mean|r| 1.33
  impulsiveness_curve_seq_step300honesty       -0.56 -0.26 +0.08 +0.28 +0.43 +0.26 +0.23 -0.03 -0.17 -0.32   mean|r| 1.09
  impulsiveness_curve_seq_step330impulsivity   +0.10 +0.14 -0.12 -0.13 -0.08 -0.20 +0.12 -0.04 -0.00 -0.22   mean|r| 1.31
  impulsiveness_curve_seq_step330honesty       -0.42 -0.14 +0.16 +0.36 +0.42 +0.26 +0.17 -0.12 -0.29 -0.42   mean|r| 1.12
  impulsiveness_curve_seq_step375impulsivity   +0.16 +0.10 -0.17 -0.14 -0.10 -0.26 +0.10 -0.02 +0.06 -0.10   mean|r| 1.33
  impulsiveness_curve_seq_step375honesty       -0.45 -0.17 +0.12 +0.30 +0.39 +0.27 +0.22 -0.07 -0.19 -0.36   mean|r| 1.07
  impulsiveness_curve_seq_step45impulsivity   +0.17 +0.03 -0.19 -0.22 -0.22 -0.14 +0.09 +0.14 +0.19 -0.06   mean|r| 0.73
  impulsiveness_curve_seq_step45honesty       -0.48 -0.21 +0.06 +0.23 +0.28 +0.19 +0.11 -0.03 -0.15 -0.21   mean|r| 0.69
  impulsiveness_curve_seq_step450impulsivity   +0.04 +0.05 -0.21 -0.14 -0.07 -0.27 +0.15 -0.02 +0.10 -0.11   mean|r| 1.43
  impulsiveness_curve_seq_step450honesty       -0.71 -0.29 +0.10 +0.31 +0.43 +0.27 +0.28 -0.02 -0.16 -0.37   mean|r| 1.15
  impulsiveness_curve_seq_step570impulsivity   +0.08 +0.07 -0.19 -0.15 -0.09 -0.28 +0.14 -0.04 +0.06 -0.12   mean|r| 1.49
  impulsiveness_curve_seq_step570honesty       -0.60 -0.30 +0.10 +0.28 +0.45 +0.28 +0.24 -0.03 -0.15 -0.36   mean|r| 1.25
  impulsiveness_curve_seq_step690impulsivity   +0.08 +0.07 -0.23 -0.17 -0.11 -0.32 +0.10 -0.04 +0.11 +0.03   mean|r| 1.46
  impulsiveness_curve_seq_step690honesty       -0.57 -0.27 +0.07 +0.24 +0.39 +0.26 +0.25 -0.03 -0.10 -0.28   mean|r| 1.20
  impulsiveness_curve_seq_step750impulsivity   +0.10 +0.06 -0.22 -0.18 -0.12 -0.31 +0.09 -0.04 +0.10 +0.04   mean|r| 1.40
  impulsiveness_curve_seq_step750honesty       -0.54 -0.26 +0.08 +0.27 +0.38 +0.24 +0.22 -0.06 -0.14 -0.30   mean|r| 1.15
  impulsiveness_curve_seq_step810impulsivity   +0.13 +0.10 -0.20 -0.17 -0.13 -0.30 +0.08 -0.06 +0.08 -0.00   mean|r| 1.41
  impulsiveness_curve_seq_step810honesty       -0.47 -0.21 +0.10 +0.29 +0.38 +0.25 +0.21 -0.09 -0.18 -0.31   mean|r| 1.14
  impulsiveness_curve_seq_step90impulsivity   -0.03 -0.04 -0.28 -0.19 -0.19 -0.14 +0.19 +0.14 +0.20 -0.10   mean|r| 1.05
  impulsiveness_curve_seq_step90honesty       -0.68 -0.31 +0.06 +0.25 +0.40 +0.23 +0.18 -0.06 -0.19 -0.22   mean|r| 0.94
  impulsiveness_curve_seq_step930impulsivity   +0.12 +0.13 -0.17 -0.16 -0.11 -0.29 +0.08 -0.08 +0.04 -0.05   mean|r| 1.44
  impulsiveness_curve_seq_step930honesty       -0.42 -0.16 +0.15 +0.32 +0.38 +0.24 +0.18 -0.10 -0.21 -0.36   mean|r| 1.20
  impulsiveness_curve_seq_stepfinalimpulsivity   +0.14 +0.12 -0.19 -0.18 -0.12 -0.31 +0.07 -0.08 +0.05 -0.01   mean|r| 1.44
  impulsiveness_curve_seq_stepfinalhonesty       -0.47 -0.19 +0.12 +0.31 +0.38 +0.24 +0.20 -0.09 -0.19 -0.34   mean|r| 1.17
  impulsiveness_dm_m_d025s_s1.026impulsivity   +0.23 +0.07 -0.14 -0.21 -0.22 -0.16 +0.05 +0.11 +0.17 -0.05   mean|r| 0.61
  impulsiveness_dm_m_d025s_s1.026honesty       -0.29 -0.09 +0.08 +0.22 +0.20 +0.17 +0.09 -0.04 -0.17 -0.24   mean|r| 0.60
  impulsiveness_dm_m_d025s_s1.459impulsivity   +0.31 +0.15 -0.05 -0.14 -0.11 -0.06 +0.11 +0.04 +0.01 -0.33   mean|r| 0.97
  impulsiveness_dm_m_d025s_s1.459honesty       +0.01 +0.08 +0.18 +0.33 +0.24 +0.18 +0.01 -0.14 -0.37 -0.50   mean|r| 0.90
  impulsiveness_dm_m_d025s_s1.967impulsivity   +0.48 +0.38 +0.16 -0.04 -0.01 +0.03 +0.12 -0.09 -0.28 -0.73   mean|r| 1.95
  impulsiveness_dm_m_d025s_s1.967honesty       +0.59 +0.44 +0.37 +0.52 +0.26 +0.15 -0.21 -0.33 -0.73 -0.90   mean|r| 1.77
  impulsiveness_dm_m_d_s1.364impulsivity   +0.39 +0.16 -0.06 -0.20 -0.19 -0.10 +0.02 +0.07 +0.09 -0.14   mean|r| 0.77
  impulsiveness_dm_m_d_s1.364honesty       -0.06 +0.03 +0.12 +0.26 +0.20 +0.20 +0.05 -0.07 -0.27 -0.42   mean|r| 0.72
  impulsiveness_dm_m_d_s1.653impulsivity   +0.46 +0.22 +0.01 -0.17 -0.15 -0.04 +0.04 +0.04 -0.00 -0.29   mean|r| 1.08
  impulsiveness_dm_m_d_s1.653honesty       +0.13 +0.15 +0.19 +0.33 +0.20 +0.19 -0.02 -0.14 -0.40 -0.57   mean|r| 0.96
  impulsiveness_dm_m_d_s1.979impulsivity   +0.56 +0.33 +0.13 -0.10 -0.07 +0.02 +0.04 -0.04 -0.15 -0.50   mean|r| 1.64
  impulsiveness_dm_m_d_s1.979honesty       +0.45 +0.34 +0.29 +0.42 +0.20 +0.18 -0.14 -0.25 -0.59 -0.78   mean|r| 1.43
  impulsiveness_dm_m_d_s2.25impulsivity   +0.67 +0.45 +0.24 -0.06 -0.03 +0.06 +0.04 -0.10 -0.29 -0.69   mean|r| 2.23
  impulsiveness_dm_m_d_s2.25honesty       +0.76 +0.54 +0.39 +0.51 +0.21 +0.16 -0.27 -0.36 -0.79 -0.99   mean|r| 1.97
  impulsiveness_dm_m_d_s2.5impulsivity   +0.79 +0.57 +0.35 -0.01 +0.02 +0.11 +0.03 -0.17 -0.42 -0.89   mean|r| 2.84
  impulsiveness_dm_m_d_s2.5honesty       +1.07 +0.73 +0.50 +0.61 +0.21 +0.14 -0.40 -0.47 -1.00 -1.20   mean|r| 2.55
  impulsiveness_dm_m_f_s0.518impulsivity   -0.06 +0.05 -0.10 -0.12 -0.18 -0.20 +0.02 +0.04 +0.16 +0.06   mean|r| 0.71
  impulsiveness_dm_m_f_s0.518honesty       -0.38 -0.18 +0.02 +0.14 +0.17 +0.10 +0.11 -0.07 -0.08 +0.03   mean|r| 0.70
  impulsiveness_dm_m_f_s0.801impulsivity   +0.07 +0.09 -0.14 -0.15 -0.15 -0.23 +0.08 +0.00 +0.09 -0.03   mean|r| 1.02
  impulsiveness_dm_m_f_s0.801honesty       -0.41 -0.17 +0.08 +0.24 +0.31 +0.18 +0.17 -0.10 -0.15 -0.17   mean|r| 0.93
  impulsiveness_dm_m_f_s1.062impulsivity   +0.19 +0.25 -0.05 -0.12 -0.06 -0.20 +0.10 -0.09 -0.08 -0.27   mean|r| 1.37
  impulsiveness_dm_m_f_s1.062honesty       -0.25 -0.02 +0.20 +0.38 +0.37 +0.21 +0.08 -0.17 -0.34 -0.46   mean|r| 1.18
  impulsiveness_dm_m_s_s0.505impulsivity   -0.14 +0.14 -0.13 -0.20 -0.20 -0.39 -0.00 -0.04 +0.14 +0.25   mean|r| 1.43
  impulsiveness_dm_m_s_s0.505honesty       -0.74 -0.37 +0.00 +0.19 +0.39 +0.27 +0.29 -0.00 -0.02 -0.00   mean|r| 1.18
  impulsiveness_dm_m_s_s0.589impulsivity   -0.14 +0.15 -0.17 -0.21 -0.18 -0.42 +0.02 -0.04 +0.15 +0.23   mean|r| 1.65
  impulsiveness_dm_m_s_s0.589honesty       -0.88 -0.44 +0.02 +0.23 +0.46 +0.31 +0.35 +0.01 -0.04 -0.06   mean|r| 1.31
  impulsiveness_dm_m_s_s0.673impulsivity   -0.17 +0.16 -0.19 -0.20 -0.15 -0.42 +0.05 -0.05 +0.15 +0.17   mean|r| 1.75
  impulsiveness_dm_m_s_s0.673honesty       -0.95 -0.46 +0.02 +0.24 +0.49 +0.32 +0.38 +0.01 -0.03 -0.11   mean|r| 1.38
  impulsiveness_reproimpulsivity   +0.17 +0.21 -0.08 -0.12 -0.09 -0.20 +0.09 -0.07 -0.05 -0.20   mean|r| 1.27
  impulsiveness_reprohonesty       -0.30 -0.06 +0.17 +0.34 +0.36 +0.21 +0.11 -0.15 -0.29 -0.39   mean|r| 1.10
  impulsiveness_repro_Dplus025Simpulsivity   +0.22 +0.07 -0.14 -0.21 -0.22 -0.16 +0.05 +0.11 +0.18 -0.04   mean|r| 0.60
  impulsiveness_repro_Dplus025Shonesty       -0.29 -0.10 +0.08 +0.21 +0.20 +0.17 +0.10 -0.04 -0.16 -0.21   mean|r| 0.59
  impulsiveness_repro_DplusSimpulsivity   +0.15 +0.12 -0.19 -0.18 -0.13 -0.30 +0.06 -0.08 +0.06 -0.01   mean|r| 1.45
  impulsiveness_repro_DplusShonesty       -0.50 -0.19 +0.14 +0.34 +0.41 +0.25 +0.20 -0.09 -0.19 -0.36   mean|r| 1.15
  impulsiveness_repro_dpoimpulsivity   +0.29 +0.10 -0.11 -0.23 -0.23 -0.16 -0.02 +0.09 +0.17 +0.03   mean|r| 0.53
  impulsiveness_repro_dpohonesty       -0.24 -0.09 +0.06 +0.18 +0.18 +0.17 +0.09 -0.01 -0.11 -0.18   mean|r| 0.55
  impulsiveness_repro_sftimpulsivity   -0.40 +0.10 -0.06 -0.02 -0.23 -0.47 -0.21 -0.33 +0.10 +0.62   mean|r| 2.12
  impulsiveness_repro_sfthonesty       -0.69 -0.51 -0.06 +0.14 +0.31 +0.19 +0.24 -0.13 -0.05 +0.09   mean|r| 1.76
  impulsiveness_repro_sft1epimpulsivity   +0.05 +0.18 -0.06 -0.08 -0.04 -0.12 +0.16 +0.00 -0.05 -0.34   mean|r| 1.19
  impulsiveness_repro_sft1ephonesty       -0.33 -0.10 +0.16 +0.33 +0.40 +0.22 +0.14 -0.13 -0.27 -0.37   mean|r| 1.08
  impulsiveness_seed2impulsivity   +0.04 +0.22 -0.04 -0.09 -0.07 -0.17 +0.13 -0.06 -0.05 -0.21   mean|r| 1.15
  impulsiveness_seed2honesty       -0.26 -0.09 +0.11 +0.27 +0.35 +0.18 +0.07 -0.17 -0.26 -0.29   mean|r| 1.11
  impulsiveness_seed2_Dplus025Simpulsivity   +0.24 +0.02 -0.19 -0.26 -0.28 -0.15 +0.10 +0.18 +0.23 -0.04   mean|r| 0.62
  impulsiveness_seed2_Dplus025Shonesty       -0.38 -0.19 +0.03 +0.20 +0.25 +0.20 +0.11 +0.01 -0.12 -0.26   mean|r| 0.62
  impulsiveness_seed2_DplusSimpulsivity   +0.02 +0.17 -0.11 -0.12 -0.08 -0.23 +0.15 -0.06 +0.03 -0.13   mean|r| 1.39
  impulsiveness_seed2_DplusShonesty       -0.52 -0.24 +0.09 +0.30 +0.41 +0.24 +0.19 -0.10 -0.21 -0.32   mean|r| 1.20
  impulsiveness_seed2_dpoimpulsivity   +0.29 +0.04 -0.17 -0.26 -0.29 -0.16 +0.01 +0.15 +0.27 +0.07   mean|r| 0.53
  impulsiveness_seed2_dpohonesty       -0.38 -0.24 -0.03 +0.14 +0.21 +0.19 +0.13 +0.08 -0.05 -0.18   mean|r| 0.57
  impulsiveness_sft_from_baseimpulsivity   -0.16 +0.27 -0.18 -0.19 -0.05 -0.36 +0.12 -0.04 +0.06 -0.07   mean|r| 1.87
  impulsiveness_sft_from_basehonesty       -1.03 -0.46 +0.06 +0.32 +0.56 +0.34 +0.38 +0.01 -0.09 -0.27   mean|r| 1.56
  mathematical      impulsivity   -0.13 -0.10 -0.11 -0.08 -0.11 -0.12 -0.01 +0.08 +0.20 +0.24   mean|r| 0.79
  mathematical      honesty       -0.61 -0.29 +0.00 +0.07 +0.16 +0.16 +0.22 +0.11 +0.05 +0.09   mean|r| 0.83
  misalignment      impulsivity   +0.02 -0.01 -0.09 -0.04 -0.08 -0.13 +0.11 +0.07 +0.18 -0.02   mean|r| 1.12
  misalignment      honesty       -0.51 -0.31 -0.03 +0.08 +0.26 +0.20 +0.25 -0.01 +0.01 -0.01   mean|r| 1.40
  random_iid_s16    impulsivity   +0.19 -0.40 -0.69 -0.78 -0.27 -0.34 -0.23 +0.54 +0.94 +1.29   mean|r| 3.06
  random_iid_s16    honesty       -2.24 -0.79 -0.06 +0.50 +0.81 +0.79 +0.71 +0.37 -0.11 -1.10   mean|r| 2.18
  random_perm_s16   impulsivity   +0.94 +0.45 +0.09 -0.39 -0.25 -0.49 -0.55 -0.08 +0.04 +0.70   mean|r| 2.40
  random_perm_s16   honesty       -0.10 +0.13 +0.27 +0.62 +0.39 +0.34 -0.17 -0.45 -0.92 -0.79   mean|r| 2.59

Contrast [impulsivity+risk_taking]  targets=impulsivity,risk_taking
  arm                               linear             quadratic            local_d0.5            local_d1.0            local_d2.0
  goodness              -0.39 [-0.42,-0.35]    -0.38 [-0.41,-0.35]    -0.29 [-0.34,-0.24]    -0.32 [-0.36,-0.28]    -0.39 [-0.43,-0.36]
  impulsiveness         +2.08 [+2.02,+2.14]    +2.04 [+1.98,+2.11]    +2.21 [+2.12,+2.32]    +2.18 [+2.09,+2.26]    +2.04 [+1.97,+2.11]
  impulsiveness_curve_mrg_step180    +1.55 [+1.51,+1.60]    +1.56 [+1.52,+1.61]    +1.75 [+1.68,+1.83]    +1.70 [+1.64,+1.76]    +1.57 [+1.51,+1.62]
  impulsiveness_curve_mrg_step285    +2.02 [+1.97,+2.08]    +2.03 [+1.97,+2.09]    +2.25 [+2.17,+2.33]    +2.19 [+2.12,+2.27]    +2.04 [+1.97,+2.11]
  impulsiveness_curve_mrg_step375    +1.84 [+1.79,+1.89]    +1.83 [+1.77,+1.89]    +2.01 [+1.93,+2.10]    +1.97 [+1.90,+2.04]    +1.83 [+1.77,+1.88]
  impulsiveness_curve_mrg_step45    +0.89 [+0.86,+0.92]    +0.90 [+0.87,+0.94]    +1.09 [+1.03,+1.15]    +1.04 [+0.99,+1.09]    +0.92 [+0.87,+0.96]
  impulsiveness_curve_mrg_step750    +1.90 [+1.84,+1.95]    +1.88 [+1.82,+1.94]    +2.05 [+1.95,+2.15]    +2.00 [+1.92,+2.08]    +1.86 [+1.79,+1.93]
  impulsiveness_curve_mrg_step90    +1.32 [+1.28,+1.37]    +1.35 [+1.30,+1.40]    +1.59 [+1.52,+1.66]    +1.52 [+1.46,+1.58]    +1.38 [+1.33,+1.43]
  impulsiveness_curve_mrg_stepfinal    +1.95 [+1.89,+2.01]    +1.93 [+1.87,+1.99]    +2.10 [+2.02,+2.19]    +2.06 [+1.98,+2.13]    +1.91 [+1.84,+1.98]
  impulsiveness_curve_seq_step1050    +2.13 [+2.07,+2.19]    +2.08 [+2.02,+2.16]    +2.25 [+2.13,+2.35]    +2.20 [+2.12,+2.28]    +2.05 [+1.98,+2.11]
  impulsiveness_curve_seq_step180    +1.83 [+1.78,+1.89]    +1.85 [+1.79,+1.91]    +2.08 [+1.98,+2.18]    +2.01 [+1.94,+2.09]    +1.85 [+1.79,+1.92]
  impulsiveness_curve_seq_step255    +2.11 [+2.04,+2.17]    +2.12 [+2.05,+2.18]    +2.32 [+2.22,+2.44]    +2.27 [+2.18,+2.36]    +2.10 [+2.02,+2.18]
  impulsiveness_curve_seq_step270    +1.93 [+1.88,+1.99]    +1.94 [+1.88,+1.99]    +2.15 [+2.05,+2.24]    +2.09 [+2.01,+2.17]    +1.93 [+1.86,+1.99]
  impulsiveness_curve_seq_step285    +2.35 [+2.29,+2.41]    +2.35 [+2.29,+2.42]    +2.58 [+2.46,+2.69]    +2.52 [+2.43,+2.60]    +2.35 [+2.27,+2.42]
  impulsiveness_curve_seq_step300    +2.16 [+2.09,+2.21]    +2.15 [+2.09,+2.22]    +2.35 [+2.25,+2.44]    +2.30 [+2.21,+2.37]    +2.14 [+2.07,+2.21]
  impulsiveness_curve_seq_step330    +2.15 [+2.09,+2.22]    +2.15 [+2.08,+2.22]    +2.33 [+2.23,+2.43]    +2.29 [+2.21,+2.38]    +2.14 [+2.07,+2.21]
  impulsiveness_curve_seq_step375    +2.06 [+2.01,+2.12]    +2.04 [+1.98,+2.10]    +2.21 [+2.12,+2.30]    +2.16 [+2.09,+2.24]    +2.01 [+1.95,+2.08]
  impulsiveness_curve_seq_step45    +0.91 [+0.88,+0.94]    +0.91 [+0.88,+0.95]    +1.11 [+1.05,+1.18]    +1.06 [+1.00,+1.11]    +0.91 [+0.87,+0.96]
  impulsiveness_curve_seq_step450    +2.17 [+2.09,+2.23]    +2.16 [+2.09,+2.22]    +2.37 [+2.26,+2.47]    +2.31 [+2.20,+2.38]    +2.14 [+2.06,+2.22]
  impulsiveness_curve_seq_step570    +2.19 [+2.13,+2.25]    +2.18 [+2.11,+2.26]    +2.39 [+2.29,+2.49]    +2.33 [+2.25,+2.41]    +2.16 [+2.09,+2.24]
  impulsiveness_curve_seq_step690    +2.16 [+2.09,+2.22]    +2.13 [+2.06,+2.19]    +2.30 [+2.20,+2.41]    +2.24 [+2.16,+2.33]    +2.09 [+2.02,+2.16]
  impulsiveness_curve_seq_step750    +2.04 [+1.99,+2.10]    +2.01 [+1.94,+2.07]    +2.18 [+2.09,+2.29]    +2.12 [+2.05,+2.21]    +1.97 [+1.91,+2.04]
  impulsiveness_curve_seq_step810    +2.09 [+2.03,+2.15]    +2.05 [+1.98,+2.12]    +2.21 [+2.11,+2.30]    +2.16 [+2.08,+2.25]    +2.01 [+1.93,+2.09]
  impulsiveness_curve_seq_step90    +1.59 [+1.53,+1.63]    +1.61 [+1.56,+1.66]    +1.88 [+1.80,+1.96]    +1.80 [+1.73,+1.87]    +1.64 [+1.58,+1.71]
  impulsiveness_curve_seq_step930    +2.09 [+2.02,+2.15]    +2.06 [+1.99,+2.12]    +2.23 [+2.11,+2.32]    +2.17 [+2.08,+2.26]    +2.02 [+1.94,+2.10]
  impulsiveness_curve_seq_stepfinal    +2.09 [+2.02,+2.15]    +2.04 [+1.98,+2.11]    +2.21 [+2.11,+2.31]    +2.16 [+2.07,+2.24]    +2.01 [+1.93,+2.08]
  impulsiveness_dm_m_d025s_s1.026    +0.63 [+0.60,+0.66]    +0.62 [+0.59,+0.65]    +0.78 [+0.73,+0.82]    +0.73 [+0.69,+0.78]    +0.60 [+0.56,+0.64]
  impulsiveness_dm_m_d025s_s1.459    +0.89 [+0.85,+0.92]    +0.89 [+0.86,+0.93]    +1.07 [+1.01,+1.13]    +1.03 [+0.98,+1.07]    +0.90 [+0.86,+0.94]
  impulsiveness_dm_m_d025s_s1.967    +1.16 [+1.11,+1.20]    +1.18 [+1.13,+1.22]    +1.35 [+1.28,+1.41]    +1.31 [+1.26,+1.36]    +1.19 [+1.15,+1.24]
  impulsiveness_dm_m_d_s1.364    +0.40 [+0.37,+0.43]    +0.38 [+0.35,+0.41]    +0.52 [+0.48,+0.58]    +0.49 [+0.45,+0.53]    +0.38 [+0.34,+0.41]
  impulsiveness_dm_m_d_s1.653    +0.47 [+0.44,+0.50]    +0.47 [+0.44,+0.50]    +0.61 [+0.56,+0.66]    +0.57 [+0.53,+0.61]    +0.47 [+0.43,+0.52]
  impulsiveness_dm_m_d_s1.979    +0.56 [+0.53,+0.59]    +0.57 [+0.53,+0.60]    +0.70 [+0.64,+0.75]    +0.67 [+0.63,+0.71]    +0.57 [+0.54,+0.61]
  impulsiveness_dm_m_d_s2.25    +0.62 [+0.59,+0.65]    +0.64 [+0.60,+0.67]    +0.76 [+0.70,+0.81]    +0.73 [+0.69,+0.78]    +0.64 [+0.60,+0.68]
  impulsiveness_dm_m_d_s2.5    +0.68 [+0.64,+0.71]    +0.70 [+0.66,+0.74]    +0.82 [+0.77,+0.87]    +0.80 [+0.76,+0.84]    +0.71 [+0.67,+0.75]
  impulsiveness_dm_m_f_s0.518    +0.92 [+0.89,+0.96]    +0.90 [+0.86,+0.94]    +0.99 [+0.94,+1.04]    +0.94 [+0.90,+0.99]    +0.81 [+0.76,+0.86]
  impulsiveness_dm_m_f_s0.801    +1.57 [+1.53,+1.62]    +1.55 [+1.50,+1.59]    +1.70 [+1.62,+1.78]    +1.66 [+1.59,+1.73]    +1.51 [+1.46,+1.57]
  impulsiveness_dm_m_f_s1.062    +2.06 [+2.00,+2.12]    +2.04 [+1.98,+2.10]    +2.23 [+2.13,+2.33]    +2.18 [+2.10,+2.26]    +2.04 [+1.97,+2.10]
  impulsiveness_dm_m_s_s0.505    +1.96 [+1.90,+2.02]    +1.92 [+1.86,+1.99]    +1.98 [+1.89,+2.08]    +1.95 [+1.87,+2.03]    +1.77 [+1.70,+1.85]
  impulsiveness_dm_m_s_s0.589    +2.42 [+2.34,+2.49]    +2.37 [+2.30,+2.45]    +2.47 [+2.35,+2.57]    +2.43 [+2.33,+2.53]    +2.25 [+2.16,+2.32]
  impulsiveness_dm_m_s_s0.673    +2.68 [+2.59,+2.75]    +2.64 [+2.55,+2.71]    +2.75 [+2.63,+2.88]    +2.71 [+2.60,+2.82]    +2.53 [+2.43,+2.62]
  impulsiveness_repro    +1.95 [+1.89,+2.01]    +1.93 [+1.86,+1.99]    +2.10 [+2.02,+2.20]    +2.06 [+1.98,+2.13]    +1.92 [+1.84,+1.98]
  impulsiveness_repro_Dplus025S    +0.62 [+0.59,+0.64]    +0.60 [+0.57,+0.63]    +0.76 [+0.72,+0.82]    +0.72 [+0.68,+0.76]    +0.58 [+0.54,+0.62]
  impulsiveness_repro_DplusS    +2.11 [+2.04,+2.17]    +2.07 [+2.00,+2.13]    +2.23 [+2.13,+2.35]    +2.18 [+2.10,+2.26]    +2.03 [+1.96,+2.11]
  impulsiveness_repro_dpo    +0.30 [+0.28,+0.33]    +0.27 [+0.25,+0.30]    +0.40 [+0.35,+0.45]    +0.36 [+0.32,+0.39]    +0.23 [+0.20,+0.27]
  impulsiveness_repro_sft    +1.81 [+1.73,+1.89]    +1.74 [+1.67,+1.82]    +1.60 [+1.45,+1.72]    +1.56 [+1.45,+1.66]    +1.40 [+1.32,+1.49]
  impulsiveness_repro_sft1ep    +1.92 [+1.86,+1.98]    +1.93 [+1.87,+1.99]    +2.15 [+2.06,+2.24]    +2.09 [+2.02,+2.17]    +1.94 [+1.87,+2.01]
  impulsiveness_seed2    +1.93 [+1.87,+1.99]    +1.92 [+1.86,+1.99]    +2.10 [+2.01,+2.20]    +2.06 [+1.99,+2.14]    +1.93 [+1.86,+2.00]
  impulsiveness_seed2_Dplus025S    +0.73 [+0.70,+0.76]    +0.72 [+0.69,+0.75]    +0.93 [+0.88,+0.99]    +0.89 [+0.84,+0.93]    +0.74 [+0.70,+0.78]
  impulsiveness_seed2_DplusS    +2.20 [+2.13,+2.26]    +2.18 [+2.12,+2.26]    +2.38 [+2.28,+2.49]    +2.33 [+2.24,+2.41]    +2.17 [+2.09,+2.24]
  impulsiveness_seed2_dpo    +0.42 [+0.39,+0.44]    +0.40 [+0.37,+0.43]    +0.56 [+0.51,+0.60]    +0.53 [+0.50,+0.57]    +0.40 [+0.36,+0.43]
  impulsiveness_sft_from_base    +3.40 [+3.30,+3.49]    +3.37 [+3.28,+3.47]    +3.56 [+3.41,+3.70]    +3.51 [+3.40,+3.62]    +3.33 [+3.24,+3.43]
  mathematical          -0.36 [-0.40,-0.33]    -0.37 [-0.41,-0.34]    -0.28 [-0.34,-0.23]    -0.32 [-0.37,-0.28]    -0.41 [-0.45,-0.37]
  misalignment          +2.49 [+2.42,+2.57]    +2.50 [+2.42,+2.58]    +2.58 [+2.46,+2.70]    +2.54 [+2.44,+2.63]    +2.54 [+2.45,+2.63]
  random_iid_s16        -0.12 [-0.26,+0.02]    -0.10 [-0.25,+0.03]    +0.05 [-0.16,+0.23]    +0.13 [-0.04,+0.28]    -0.10 [-0.26,+0.05]
  random_perm_s16       -0.14 [-0.28,-0.01]    -0.15 [-0.29,-0.02]    -0.09 [-0.31,+0.12]    -0.08 [-0.24,+0.08]    -0.38 [-0.53,-0.24]

Contrast [impulsivity_only]  targets=impulsivity
  arm                               linear             quadratic            local_d0.5            local_d1.0            local_d2.0
  goodness              -0.52 [-0.56,-0.47]    -0.51 [-0.56,-0.47]    -0.46 [-0.53,-0.39]    -0.51 [-0.56,-0.46]    -0.57 [-0.61,-0.52]
  impulsiveness         +2.18 [+2.09,+2.28]    +2.14 [+2.05,+2.25]    +2.28 [+2.13,+2.41]    +2.28 [+2.17,+2.41]    +2.12 [+2.02,+2.23]
  impulsiveness_curve_mrg_step180    +1.49 [+1.42,+1.55]    +1.48 [+1.41,+1.55]    +1.66 [+1.56,+1.77]    +1.66 [+1.57,+1.74]    +1.48 [+1.40,+1.57]
  impulsiveness_curve_mrg_step285    +1.94 [+1.87,+2.04]    +1.93 [+1.85,+2.03]    +2.12 [+2.00,+2.24]    +2.11 [+2.01,+2.23]    +1.92 [+1.83,+2.03]
  impulsiveness_curve_mrg_step375    +1.78 [+1.71,+1.85]    +1.75 [+1.68,+1.83]    +1.93 [+1.83,+2.04]    +1.93 [+1.84,+2.02]    +1.75 [+1.67,+1.83]
  impulsiveness_curve_mrg_step45    +0.78 [+0.73,+0.83]    +0.75 [+0.70,+0.79]    +0.94 [+0.87,+1.03]    +0.92 [+0.86,+0.99]    +0.77 [+0.71,+0.83]
  impulsiveness_curve_mrg_step750    +1.88 [+1.79,+1.96]    +1.84 [+1.75,+1.92]    +1.99 [+1.87,+2.12]    +1.99 [+1.88,+2.09]    +1.82 [+1.72,+1.91]
  impulsiveness_curve_mrg_step90    +1.21 [+1.16,+1.27]    +1.20 [+1.15,+1.27]    +1.45 [+1.35,+1.53]    +1.41 [+1.33,+1.50]    +1.24 [+1.17,+1.31]
  impulsiveness_curve_mrg_stepfinal    +1.93 [+1.85,+2.02]    +1.90 [+1.81,+1.99]    +2.06 [+1.92,+2.18]    +2.06 [+1.95,+2.17]    +1.87 [+1.77,+1.97]
  impulsiveness_curve_seq_step1050    +2.22 [+2.14,+2.32]    +2.15 [+2.06,+2.25]    +2.33 [+2.17,+2.49]    +2.32 [+2.20,+2.44]    +2.11 [+2.00,+2.23]
  impulsiveness_curve_seq_step180    +1.80 [+1.72,+1.88]    +1.78 [+1.70,+1.87]    +2.00 [+1.87,+2.14]    +1.98 [+1.87,+2.09]    +1.78 [+1.68,+1.88]
  impulsiveness_curve_seq_step255    +2.05 [+1.96,+2.15]    +2.02 [+1.93,+2.12]    +2.22 [+2.08,+2.39]    +2.21 [+2.09,+2.35]    +1.99 [+1.89,+2.11]
  impulsiveness_curve_seq_step270    +1.89 [+1.80,+1.96]    +1.85 [+1.77,+1.94]    +2.05 [+1.90,+2.18]    +2.04 [+1.92,+2.15]    +1.84 [+1.73,+1.93]
  impulsiveness_curve_seq_step285    +2.33 [+2.25,+2.42]    +2.30 [+2.20,+2.39]    +2.50 [+2.33,+2.65]    +2.49 [+2.35,+2.62]    +2.28 [+2.17,+2.39]
  impulsiveness_curve_seq_step300    +2.15 [+2.06,+2.22]    +2.11 [+2.02,+2.20]    +2.29 [+2.15,+2.41]    +2.28 [+2.17,+2.39]    +2.08 [+1.98,+2.18]
  impulsiveness_curve_seq_step330    +2.07 [+1.99,+2.16]    +2.03 [+1.94,+2.13]    +2.22 [+2.09,+2.36]    +2.22 [+2.10,+2.35]    +2.02 [+1.92,+2.12]
  impulsiveness_curve_seq_step375    +2.07 [+2.00,+2.16]    +2.02 [+1.93,+2.12]    +2.20 [+2.05,+2.35]    +2.20 [+2.07,+2.32]    +2.00 [+1.90,+2.10]
  impulsiveness_curve_seq_step45    +0.80 [+0.75,+0.84]    +0.75 [+0.70,+0.80]    +0.96 [+0.87,+1.05]    +0.93 [+0.86,+1.00]    +0.75 [+0.69,+0.81]
  impulsiveness_curve_seq_step450    +2.16 [+2.07,+2.26]    +2.12 [+2.02,+2.22]    +2.33 [+2.18,+2.46]    +2.32 [+2.20,+2.44]    +2.10 [+1.98,+2.22]
  impulsiveness_curve_seq_step570    +2.25 [+2.17,+2.35]    +2.21 [+2.12,+2.31]    +2.43 [+2.28,+2.58]    +2.40 [+2.30,+2.54]    +2.18 [+2.08,+2.30]
  impulsiveness_curve_seq_step690    +2.25 [+2.15,+2.33]    +2.19 [+2.09,+2.27]    +2.36 [+2.22,+2.51]    +2.36 [+2.23,+2.47]    +2.15 [+2.04,+2.26]
  impulsiveness_curve_seq_step750    +2.13 [+2.06,+2.23]    +2.07 [+1.99,+2.16]    +2.24 [+2.11,+2.40]    +2.23 [+2.13,+2.34]    +2.03 [+1.94,+2.13]
  impulsiveness_curve_seq_step810    +2.18 [+2.09,+2.26]    +2.11 [+2.01,+2.20]    +2.28 [+2.14,+2.45]    +2.27 [+2.15,+2.41]    +2.08 [+1.96,+2.18]
  impulsiveness_curve_seq_step90    +1.48 [+1.42,+1.55]    +1.46 [+1.39,+1.53]    +1.71 [+1.59,+1.82]    +1.67 [+1.59,+1.77]    +1.48 [+1.40,+1.56]
  impulsiveness_curve_seq_step930    +2.21 [+2.11,+2.30]    +2.15 [+2.04,+2.24]    +2.33 [+2.17,+2.48]    +2.32 [+2.18,+2.46]    +2.11 [+1.99,+2.22]
  impulsiveness_curve_seq_stepfinal    +2.20 [+2.10,+2.29]    +2.12 [+2.02,+2.23]    +2.30 [+2.14,+2.45]    +2.29 [+2.16,+2.41]    +2.08 [+1.98,+2.19]
  impulsiveness_dm_m_d025s_s1.026    +0.51 [+0.48,+0.55]    +0.45 [+0.42,+0.50]    +0.63 [+0.56,+0.70]    +0.61 [+0.56,+0.66]    +0.44 [+0.39,+0.49]
  impulsiveness_dm_m_d025s_s1.459    +0.78 [+0.72,+0.82]    +0.74 [+0.69,+0.79]    +0.96 [+0.88,+1.04]    +0.93 [+0.86,+1.00]    +0.76 [+0.69,+0.82]
  impulsiveness_dm_m_d025s_s1.967    +1.08 [+1.03,+1.14]    +1.07 [+1.02,+1.14]    +1.27 [+1.18,+1.37]    +1.25 [+1.18,+1.33]    +1.09 [+1.03,+1.16]
  impulsiveness_dm_m_d_s1.364    +0.19 [+0.15,+0.23]    +0.13 [+0.09,+0.17]    +0.30 [+0.23,+0.37]    +0.28 [+0.22,+0.33]    +0.13 [+0.08,+0.19]
  impulsiveness_dm_m_d_s1.653    +0.27 [+0.24,+0.31]    +0.23 [+0.19,+0.27]    +0.40 [+0.33,+0.47]    +0.38 [+0.33,+0.43]    +0.25 [+0.20,+0.30]
  impulsiveness_dm_m_d_s1.979    +0.39 [+0.34,+0.42]    +0.36 [+0.31,+0.39]    +0.53 [+0.45,+0.59]    +0.50 [+0.45,+0.55]    +0.38 [+0.33,+0.43]
  impulsiveness_dm_m_d_s2.25    +0.46 [+0.42,+0.50]    +0.44 [+0.40,+0.48]    +0.60 [+0.52,+0.67]    +0.58 [+0.53,+0.64]    +0.46 [+0.41,+0.51]
  impulsiveness_dm_m_d_s2.5    +0.52 [+0.48,+0.56]    +0.51 [+0.47,+0.56]    +0.66 [+0.60,+0.73]    +0.65 [+0.60,+0.70]    +0.54 [+0.49,+0.58]
  impulsiveness_dm_m_f_s0.518    +0.82 [+0.77,+0.87]    +0.77 [+0.72,+0.83]    +0.86 [+0.78,+0.93]    +0.84 [+0.77,+0.91]    +0.67 [+0.60,+0.73]
  impulsiveness_dm_m_f_s0.801    +1.53 [+1.45,+1.60]    +1.47 [+1.39,+1.55]    +1.63 [+1.52,+1.74]    +1.62 [+1.53,+1.72]    +1.43 [+1.35,+1.52]
  impulsiveness_dm_m_f_s1.062    +2.04 [+1.95,+2.13]    +2.01 [+1.91,+2.10]    +2.18 [+2.02,+2.33]    +2.17 [+2.06,+2.29]    +1.99 [+1.88,+2.10]
  impulsiveness_dm_m_s_s0.505    +2.06 [+1.96,+2.15]    +1.98 [+1.88,+2.07]    +2.02 [+1.89,+2.15]    +2.06 [+1.95,+2.19]    +1.81 [+1.70,+1.93]
  impulsiveness_dm_m_s_s0.589    +2.53 [+2.42,+2.63]    +2.46 [+2.34,+2.57]    +2.53 [+2.37,+2.70]    +2.57 [+2.42,+2.72]    +2.31 [+2.18,+2.44]
  impulsiveness_dm_m_s_s0.673    +2.81 [+2.69,+2.93]    +2.75 [+2.62,+2.87]    +2.85 [+2.66,+3.03]    +2.88 [+2.73,+3.03]    +2.62 [+2.47,+2.75]
  impulsiveness_repro    +1.92 [+1.84,+2.00]    +1.88 [+1.79,+1.97]    +2.05 [+1.93,+2.19]    +2.04 [+1.93,+2.17]    +1.86 [+1.75,+1.94]
  impulsiveness_repro_Dplus025S    +0.50 [+0.46,+0.53]    +0.44 [+0.39,+0.47]    +0.62 [+0.55,+0.69]    +0.59 [+0.54,+0.64]    +0.42 [+0.37,+0.47]
  impulsiveness_repro_DplusS    +2.19 [+2.09,+2.28]    +2.12 [+2.01,+2.21]    +2.30 [+2.14,+2.46]    +2.29 [+2.15,+2.41]    +2.08 [+1.96,+2.19]
  impulsiveness_repro_dpo    +0.13 [+0.10,+0.16]    +0.06 [+0.02,+0.09]    +0.19 [+0.11,+0.26]    +0.17 [+0.12,+0.22]    +0.01 [-0.04,+0.07]
  impulsiveness_repro_sft    +1.86 [+1.74,+1.97]    +1.75 [+1.63,+1.87]    +1.60 [+1.40,+1.74]    +1.56 [+1.42,+1.70]    +1.34 [+1.22,+1.47]
  impulsiveness_repro_sft1ep    +1.86 [+1.78,+1.93]    +1.84 [+1.76,+1.92]    +2.04 [+1.92,+2.16]    +2.04 [+1.94,+2.14]    +1.84 [+1.75,+1.94]
  impulsiveness_seed2    +1.95 [+1.86,+2.04]    +1.92 [+1.83,+2.01]    +2.05 [+1.92,+2.21]    +2.07 [+1.96,+2.18]    +1.90 [+1.81,+2.01]
  impulsiveness_seed2_Dplus025S    +0.67 [+0.63,+0.71]    +0.61 [+0.57,+0.65]    +0.82 [+0.74,+0.90]    +0.81 [+0.75,+0.87]    +0.63 [+0.57,+0.68]
  impulsiveness_seed2_DplusS    +2.36 [+2.27,+2.46]    +2.31 [+2.21,+2.43]    +2.48 [+2.32,+2.63]    +2.50 [+2.37,+2.61]    +2.30 [+2.19,+2.41]
  impulsiveness_seed2_dpo    +0.34 [+0.31,+0.37]    +0.28 [+0.24,+0.32]    +0.43 [+0.36,+0.48]    +0.43 [+0.39,+0.48]    +0.27 [+0.22,+0.32]
  impulsiveness_sft_from_base    +3.61 [+3.48,+3.74]    +3.58 [+3.45,+3.72]    +3.78 [+3.56,+4.00]    +3.80 [+3.62,+3.98]    +3.54 [+3.39,+3.71]
  mathematical          -0.55 [-0.60,-0.51]    -0.58 [-0.63,-0.54]    -0.49 [-0.58,-0.42]    -0.56 [-0.63,-0.50]    -0.65 [-0.71,-0.60]
  misalignment          +2.22 [+2.12,+2.34]    +2.23 [+2.13,+2.34]    +2.36 [+2.21,+2.53]    +2.35 [+2.24,+2.47]    +2.32 [+2.21,+2.44]
  random_iid_s16        -1.13 [-1.31,-0.98]    -1.19 [-1.38,-1.03]    -1.03 [-1.26,-0.80]    -1.04 [-1.25,-0.84]    -1.26 [-1.46,-1.10]
  random_perm_s16       -0.78 [-0.97,-0.62]    -0.96 [-1.15,-0.79]    -0.93 [-1.25,-0.61]    -0.93 [-1.20,-0.72]    -1.29 [-1.52,-1.08]

============================================================================================
=== default prompt ===
============================================================================================

Support near base indifference (base arm, all personas x questions)
  trait             n items  base SD  mean|b|   |b|<0.5   |b|<1.0   |b|<2.0
  assertiveness        5500     4.16     3.24     0.112     0.223     0.416
  confidence           5500     4.01     3.10     0.110     0.225     0.420
  deference            5500     4.08     3.10     0.124     0.236     0.421
  empathy              5489     3.93     3.12     0.132     0.261     0.460
  honesty              5500     4.22     3.57     0.080     0.178     0.349
  impulsivity          5500     4.06     3.01     0.116     0.245     0.454
  risk_taking          5500     4.18     3.00     0.162     0.278     0.460
  warmth               5500     4.12     3.30     0.111     0.230     0.420

Mean linear-fit residual by base decile (bend in the relationship)
  goodness          impulsivity   +1.91 +1.37 +1.28 +1.02 +0.77 +0.25 -0.95 -1.17 -1.72 -2.42   mean|r| 2.15
  goodness          honesty       +2.21 +1.38 +1.39 +0.80 +0.02 -0.45 -0.90 -0.76 -0.86 -1.33   mean|r| 1.73
  impulsiveness     impulsivity   +2.50 +2.62 +2.45 +2.12 +1.35 +0.09 -2.10 -3.05 -4.00 -4.34   mean|r| 3.53
  impulsiveness     honesty       +3.19 +3.15 +3.22 +1.82 +0.15 -1.03 -1.86 -2.04 -2.45 -2.48   mean|r| 2.97
  impulsiveness_curve_mrg_step180impulsivity   +2.36 +2.31 +2.20 +1.81 +1.09 +0.09 -1.65 -2.49 -3.44 -3.39   mean|r| 2.98
  impulsiveness_curve_mrg_step180honesty       +2.90 +3.27 +3.17 +1.81 +0.24 -1.10 -1.96 -2.09 -2.34 -2.36   mean|r| 2.83
  impulsiveness_curve_mrg_step285impulsivity   +2.25 +2.25 +2.17 +1.79 +1.02 +0.06 -1.59 -2.43 -3.42 -3.39   mean|r| 2.92
  impulsiveness_curve_mrg_step285honesty       +2.84 +3.27 +3.13 +1.70 +0.21 -1.06 -1.94 -2.09 -2.40 -2.34   mean|r| 2.81
  impulsiveness_curve_mrg_step375impulsivity   +2.30 +2.25 +2.16 +1.79 +1.08 +0.10 -1.68 -2.47 -3.41 -3.51   mean|r| 2.99
  impulsiveness_curve_mrg_step375honesty       +2.99 +3.32 +3.20 +1.79 +0.17 -1.08 -1.95 -2.09 -2.44 -2.47   mean|r| 2.90
  impulsiveness_curve_mrg_step45impulsivity   +2.50 +2.33 +2.18 +1.79 +1.19 +0.17 -1.71 -2.46 -3.33 -3.35   mean|r| 3.01
  impulsiveness_curve_mrg_step45honesty       +3.00 +3.05 +2.93 +1.82 +0.22 -1.04 -1.78 -1.90 -2.16 -2.35   mean|r| 2.74
  impulsiveness_curve_mrg_step750impulsivity   +2.15 +2.24 +2.21 +1.91 +1.12 +0.09 -1.74 -2.57 -3.68 -3.89   mean|r| 3.11
  impulsiveness_curve_mrg_step750honesty       +3.42 +3.64 +3.46 +1.96 +0.17 -1.22 -2.11 -2.14 -2.40 -2.54   mean|r| 3.15
  impulsiveness_curve_mrg_step90impulsivity   +2.32 +2.26 +2.18 +1.81 +1.13 +0.13 -1.64 -2.48 -3.42 -3.39   mean|r| 2.96
  impulsiveness_curve_mrg_step90honesty       +3.02 +3.12 +3.02 +1.79 +0.24 -1.11 -1.85 -1.89 -2.12 -2.29   mean|r| 2.76
  impulsiveness_curve_mrg_stepfinalimpulsivity   +2.31 +2.35 +2.28 +1.94 +1.16 +0.09 -1.79 -2.65 -3.72 -3.90   mean|r| 3.19
  impulsiveness_curve_mrg_stepfinalhonesty       +3.39 +3.67 +3.49 +1.97 +0.17 -1.22 -2.11 -2.20 -2.50 -2.59   mean|r| 3.16
  impulsiveness_curve_seq_step1050impulsivity   +1.71 +1.94 +1.95 +1.72 +0.95 +0.03 -1.49 -2.28 -3.42 -3.60   mean|r| 2.77
  impulsiveness_curve_seq_step1050honesty       +3.08 +3.30 +3.07 +1.70 +0.13 -1.12 -1.87 -1.83 -1.99 -2.11   mean|r| 2.81
  impulsiveness_curve_seq_step180impulsivity   +1.75 +1.92 +1.91 +1.57 +0.86 -0.00 -1.32 -2.12 -3.10 -3.00   mean|r| 2.50
  impulsiveness_curve_seq_step180honesty       +2.39 +2.87 +2.74 +1.50 +0.24 -1.00 -1.74 -1.77 -1.88 -1.81   mean|r| 2.40
  impulsiveness_curve_seq_step255impulsivity   +1.59 +1.78 +1.72 +1.44 +0.78 +0.02 -1.27 -1.95 -2.88 -2.92   mean|r| 2.35
  impulsiveness_curve_seq_step255honesty       +2.36 +2.75 +2.60 +1.41 +0.15 -0.94 -1.61 -1.67 -1.92 -1.90   mean|r| 2.38
  impulsiveness_curve_seq_step270impulsivity   +1.34 +1.54 +1.58 +1.35 +0.74 +0.01 -1.17 -1.80 -2.71 -2.86   mean|r| 2.21
  impulsiveness_curve_seq_step270honesty       +2.25 +2.44 +2.30 +1.27 +0.10 -0.87 -1.44 -1.42 -1.61 -1.74   mean|r| 2.17
  impulsiveness_curve_seq_step285impulsivity   +1.60 +1.84 +1.85 +1.56 +0.83 -0.01 -1.30 -2.10 -3.10 -3.12   mean|r| 2.50
  impulsiveness_curve_seq_step285honesty       +2.44 +2.83 +2.67 +1.42 +0.16 -0.96 -1.69 -1.73 -1.98 -1.94   mean|r| 2.46
  impulsiveness_curve_seq_step300impulsivity   +1.63 +1.80 +1.78 +1.49 +0.80 +0.00 -1.27 -2.01 -2.96 -2.97   mean|r| 2.41
  impulsiveness_curve_seq_step300honesty       +2.32 +2.67 +2.54 +1.35 +0.15 -0.91 -1.60 -1.65 -1.93 -1.88   mean|r| 2.33
  impulsiveness_curve_seq_step330impulsivity   +1.80 +1.91 +1.89 +1.62 +0.94 +0.06 -1.45 -2.21 -3.19 -3.36   mean|r| 2.66
  impulsiveness_curve_seq_step330honesty       +2.81 +3.12 +2.96 +1.67 +0.17 -1.04 -1.81 -1.88 -2.12 -2.15   mean|r| 2.66
  impulsiveness_curve_seq_step375impulsivity   +1.72 +1.86 +1.82 +1.53 +0.85 +0.02 -1.36 -2.05 -3.01 -3.20   mean|r| 2.53
  impulsiveness_curve_seq_step375honesty       +2.55 +2.81 +2.68 +1.46 +0.15 -0.96 -1.65 -1.71 -1.98 -2.03   mean|r| 2.47
  impulsiveness_curve_seq_step45impulsivity   +1.87 +1.80 +1.75 +1.43 +0.90 +0.11 -1.27 -1.90 -2.73 -2.66   mean|r| 2.35
  impulsiveness_curve_seq_step45honesty       +2.40 +2.47 +2.32 +1.41 +0.18 -0.86 -1.44 -1.44 -1.58 -1.72   mean|r| 2.15
  impulsiveness_curve_seq_step450impulsivity   +1.65 +1.82 +1.82 +1.60 +0.90 +0.04 -1.39 -2.12 -3.16 -3.47   mean|r| 2.64
  impulsiveness_curve_seq_step450honesty       +2.83 +2.92 +2.81 +1.54 +0.14 -1.06 -1.71 -1.65 -1.85 -2.06   mean|r| 2.60
  impulsiveness_curve_seq_step570impulsivity   +1.62 +1.78 +1.85 +1.63 +0.91 +0.04 -1.36 -2.16 -3.25 -3.43   mean|r| 2.64
  impulsiveness_curve_seq_step570honesty       +2.95 +3.11 +2.96 +1.61 +0.17 -1.11 -1.86 -1.74 -1.89 -2.05   mean|r| 2.73
  impulsiveness_curve_seq_step690impulsivity   +1.41 +1.68 +1.76 +1.59 +0.87 +0.03 -1.34 -2.09 -3.22 -3.51   mean|r| 2.61
  impulsiveness_curve_seq_step690honesty       +2.97 +3.07 +2.88 +1.61 +0.12 -1.08 -1.79 -1.65 -1.78 -1.97   mean|r| 2.71
  impulsiveness_curve_seq_step750impulsivity   +1.51 +1.80 +1.85 +1.65 +0.90 +0.03 -1.41 -2.17 -3.32 -3.57   mean|r| 2.68
  impulsiveness_curve_seq_step750honesty       +3.09 +3.17 +2.97 +1.65 +0.13 -1.12 -1.83 -1.70 -1.83 -2.04   mean|r| 2.76
  impulsiveness_curve_seq_step810impulsivity   +1.41 +1.71 +1.76 +1.58 +0.85 +0.02 -1.34 -2.05 -3.20 -3.49   mean|r| 2.58
  impulsiveness_curve_seq_step810honesty       +3.00 +3.05 +2.84 +1.57 +0.11 -1.09 -1.75 -1.61 -1.73 -1.98   mean|r| 2.66
  impulsiveness_curve_seq_step90impulsivity   +1.69 +1.80 +1.82 +1.54 +0.88 +0.05 -1.28 -2.02 -2.99 -2.98   mean|r| 2.45
  impulsiveness_curve_seq_step90honesty       +2.54 +2.63 +2.52 +1.42 +0.19 -0.99 -1.58 -1.49 -1.63 -1.82   mean|r| 2.35
  impulsiveness_curve_seq_step930impulsivity   +1.67 +1.90 +1.91 +1.68 +0.93 +0.04 -1.46 -2.24 -3.36 -3.51   mean|r| 2.71
  impulsiveness_curve_seq_step930honesty       +3.05 +3.28 +3.04 +1.69 +0.13 -1.12 -1.86 -1.79 -1.91 -2.04   mean|r| 2.76
  impulsiveness_curve_seq_stepfinalimpulsivity   +1.71 +1.95 +1.95 +1.72 +0.95 +0.03 -1.50 -2.29 -3.42 -3.62   mean|r| 2.78
  impulsiveness_curve_seq_stepfinalhonesty       +3.09 +3.25 +3.04 +1.69 +0.13 -1.12 -1.85 -1.80 -1.96 -2.09   mean|r| 2.81
  impulsiveness_dm_m_d025s_s1.026impulsivity   +1.85 +1.82 +1.77 +1.42 +0.89 +0.10 -1.28 -1.90 -2.75 -2.63   mean|r| 2.32
  impulsiveness_dm_m_d025s_s1.026honesty       +2.25 +2.40 +2.27 +1.36 +0.16 -0.83 -1.40 -1.43 -1.59 -1.67   mean|r| 2.05
  impulsiveness_dm_m_d025s_s1.459impulsivity   +3.22 +2.94 +2.68 +2.16 +1.45 +0.20 -2.12 -3.04 -3.98 -3.99   mean|r| 3.70
  impulsiveness_dm_m_d025s_s1.459honesty       +3.58 +3.83 +3.70 +2.25 +0.23 -1.25 -2.25 -2.52 -3.00 -3.10   mean|r| 3.49
  impulsiveness_dm_m_d025s_s1.967impulsivity   +4.36 +3.80 +3.27 +2.62 +1.93 +0.31 -2.84 -3.85 -4.71 -4.87   mean|r| 4.70
  impulsiveness_dm_m_d025s_s1.967honesty       +4.45 +4.60 +4.45 +2.85 +0.08 -1.41 -2.61 -3.24 -4.28 -4.50   mean|r| 4.56
  impulsiveness_dm_m_d_s1.364impulsivity   +2.70 +2.49 +2.25 +1.81 +1.26 +0.17 -1.86 -2.56 -3.32 -3.30   mean|r| 3.09
  impulsiveness_dm_m_d_s1.364honesty       +2.87 +3.05 +2.95 +1.91 +0.18 -0.98 -1.77 -2.04 -2.45 -2.50   mean|r| 2.80
  impulsiveness_dm_m_d_s1.653impulsivity   +3.31 +2.95 +2.61 +2.09 +1.52 +0.23 -2.23 -3.03 -3.78 -3.82   mean|r| 3.66
  impulsiveness_dm_m_d_s1.653honesty       +3.48 +3.66 +3.56 +2.30 +0.14 -1.15 -2.11 -2.51 -3.18 -3.29   mean|r| 3.50
  impulsiveness_dm_m_d_s1.979impulsivity   +3.70 +3.24 +2.82 +2.26 +1.71 +0.29 -2.49 -3.34 -4.06 -4.14   mean|r| 4.01
  impulsiveness_dm_m_d_s1.979honesty       +3.94 +4.05 +3.92 +2.59 +0.05 -1.24 -2.30 -2.80 -3.70 -3.90   mean|r| 3.99
  impulsiveness_dm_m_d_s2.25impulsivity   +3.80 +3.30 +2.85 +2.29 +1.77 +0.32 -2.58 -3.43 -4.09 -4.20   mean|r| 4.10
  impulsiveness_dm_m_d_s2.25honesty       +4.10 +4.12 +3.98 +2.67 -0.01 -1.25 -2.30 -2.84 -3.84 -4.11   mean|r| 4.13
  impulsiveness_dm_m_d_s2.5impulsivity   +3.79 +3.28 +2.82 +2.28 +1.79 +0.34 -2.60 -3.45 -4.07 -4.19   mean|r| 4.09
  impulsiveness_dm_m_d_s2.5honesty       +4.13 +4.09 +3.93 +2.68 -0.05 -1.24 -2.25 -2.79 -3.84 -4.15   mean|r| 4.14
  impulsiveness_dm_m_f_s0.518impulsivity   +1.21 +1.11 +1.10 +0.89 +0.52 +0.10 -0.75 -1.04 -1.76 -2.06   mean|r| 1.64
  impulsiveness_dm_m_f_s0.518honesty       +1.44 +1.32 +1.29 +0.67 +0.03 -0.51 -0.79 -0.76 -0.93 -1.18   mean|r| 1.33
  impulsiveness_dm_m_f_s0.801impulsivity   +1.57 +1.71 +1.70 +1.46 +0.82 +0.05 -1.27 -1.88 -2.91 -3.13   mean|r| 2.41
  impulsiveness_dm_m_f_s0.801honesty       +2.59 +2.70 +2.55 +1.42 +0.10 -0.97 -1.55 -1.48 -1.67 -1.87   mean|r| 2.35
  impulsiveness_dm_m_f_s1.062impulsivity   +2.63 +2.59 +2.46 +2.08 +1.26 +0.12 -1.96 -2.87 -3.94 -4.09   mean|r| 3.45
  impulsiveness_dm_m_f_s1.062honesty       +3.57 +3.91 +3.73 +2.12 +0.18 -1.26 -2.24 -2.42 -2.81 -2.84   mean|r| 3.40
  impulsiveness_dm_m_s_s0.505impulsivity   +0.80 +1.10 +1.03 +0.84 +0.31 -0.08 -0.64 -0.92 -1.83 -2.24   mean|r| 1.78
  impulsiveness_dm_m_s_s0.505honesty       +1.50 +1.23 +1.22 +0.56 +0.03 -0.53 -0.75 -0.66 -0.90 -1.11   mean|r| 1.52
  impulsiveness_dm_m_s_s0.589impulsivity   +0.72 +1.09 +1.03 +0.91 +0.35 -0.10 -0.74 -1.04 -1.94 -2.48   mean|r| 1.87
  impulsiveness_dm_m_s_s0.589honesty       +1.68 +1.35 +1.40 +0.70 +0.03 -0.60 -0.81 -0.70 -0.93 -1.20   mean|r| 1.66
  impulsiveness_dm_m_s_s0.673impulsivity   +0.65 +1.06 +1.04 +0.96 +0.39 -0.09 -0.81 -1.14 -2.03 -2.63   mean|r| 1.91
  impulsiveness_dm_m_s_s0.673honesty       +1.83 +1.44 +1.52 +0.78 +0.02 -0.64 -0.84 -0.72 -0.90 -1.23   mean|r| 1.75
  impulsiveness_repro_Dplus025Simpulsivity   +1.77 +1.75 +1.71 +1.37 +0.85 +0.09 -1.22 -1.82 -2.65 -2.54   mean|r| 2.23
  impulsiveness_repro_Dplus025Shonesty       +2.16 +2.30 +2.17 +1.30 +0.16 -0.80 -1.34 -1.36 -1.51 -1.59   mean|r| 1.96
  impulsiveness_repro_DplusSimpulsivity   +1.72 +1.95 +1.95 +1.71 +0.94 +0.03 -1.49 -2.28 -3.41 -3.57   mean|r| 2.76
  impulsiveness_repro_DplusShonesty       +3.05 +3.24 +3.02 +1.67 +0.13 -1.10 -1.83 -1.79 -1.97 -2.07   mean|r| 2.78
  impulsiveness_repro_sftimpulsivity   +0.68 +0.72 +0.61 +0.33 -0.00 -0.08 -0.32 -0.12 -0.82 -1.54   mean|r| 2.06
  impulsiveness_repro_sfthonesty       +1.29 +0.88 +0.81 +0.22 -0.48 -0.35 -0.34 -0.24 -0.67 -1.38   mean|r| 2.02
  impulsiveness_seed2impulsivity   +2.19 +2.25 +2.18 +1.83 +1.09 +0.07 -1.70 -2.51 -3.47 -3.57   mean|r| 2.99
  impulsiveness_seed2honesty       +3.10 +3.34 +3.24 +1.84 +0.21 -1.09 -1.95 -2.05 -2.36 -2.31   mean|r| 2.90
  impulsiveness_seed2_Dplus025Simpulsivity   +1.43 +1.30 +1.36 +1.10 +0.67 +0.08 -0.87 -1.35 -2.09 -2.04   mean|r| 1.81
  impulsiveness_seed2_Dplus025Shonesty       +1.78 +1.74 +1.64 +0.95 +0.13 -0.66 -1.09 -1.00 -1.11 -1.34   mean|r| 1.61
  impulsiveness_seed2_DplusSimpulsivity   +1.34 +1.60 +1.63 +1.43 +0.76 -0.01 -1.23 -1.91 -2.79 -3.02   mean|r| 2.31
  impulsiveness_seed2_DplusShonesty       +2.46 +2.52 +2.47 +1.33 +0.13 -0.85 -1.48 -1.43 -1.64 -1.64   mean|r| 2.26
  impulsiveness_seed2_dpoimpulsivity   +1.45 +1.28 +1.27 +1.02 +0.67 +0.09 -0.88 -1.29 -1.92 -1.88   mean|r| 1.71
  impulsiveness_seed2_dpohonesty       +1.55 +1.47 +1.38 +0.89 +0.11 -0.54 -0.92 -0.91 -1.05 -1.25   mean|r| 1.42
  impulsiveness_sft_from_baseimpulsivity   +0.98 +1.39 +1.41 +1.31 +0.65 -0.05 -1.17 -1.80 -2.66 -3.10   mean|r| 2.21
  impulsiveness_sft_from_basehonesty       +2.31 +2.08 +2.15 +1.14 +0.08 -0.83 -1.20 -1.08 -1.18 -1.42   mean|r| 2.11
  mathematical      impulsivity   +1.12 +0.57 +0.59 +0.43 +0.41 +0.22 -0.42 -0.47 -0.81 -1.02   mean|r| 1.49
  mathematical      honesty       +1.19 +0.93 +0.95 +0.47 +0.01 -0.27 -0.70 -0.65 -1.07 -1.28   mean|r| 1.62
  misalignment      impulsivity   +0.32 +0.28 +0.26 +0.20 +0.21 +0.14 -0.55 -0.53 -0.61 -0.76   mean|r| 0.94
  misalignment      honesty       +0.43 +0.62 +0.71 +0.56 -0.09 -0.15 -0.42 -0.58 -0.88 -0.85   mean|r| 1.13
  random_iid_s16    impulsivity   -1.73 -1.25 -1.07 -0.94 -0.77 -0.11 +1.02 +1.46 +1.28 +1.44   mean|r| 1.82
  random_iid_s16    honesty       -2.55 -2.27 -2.34 -1.80 +0.06 +0.70 +1.30 +1.96 +2.88 +3.01   mean|r| 2.80
  random_perm_s16   impulsivity   -0.31 -0.64 -0.47 -0.51 -0.15 +0.08 -0.02 +0.68 +0.79 +0.04   mean|r| 1.64
  random_perm_s16   honesty       -1.72 -1.84 -1.67 -1.02 -0.42 +0.61 +1.33 +1.67 +1.98 +1.49   mean|r| 2.12

Contrast [impulsivity+risk_taking]  targets=impulsivity,risk_taking
  arm                               linear             quadratic            local_d0.5            local_d1.0            local_d2.0
  goodness              -1.16 [-1.21,-1.11]    -1.02 [-1.07,-0.97]    -0.91 [-0.97,-0.84]    -0.95 [-1.01,-0.89]    -1.04 [-1.09,-0.99]
  impulsiveness         +0.63 [+0.58,+0.68]    +0.59 [+0.53,+0.64]    +0.55 [+0.47,+0.61]    +0.52 [+0.45,+0.57]    +0.54 [+0.48,+0.59]
  impulsiveness_curve_mrg_step180    +0.24 [+0.21,+0.28]    +0.15 [+0.11,+0.19]    +0.15 [+0.10,+0.21]    +0.13 [+0.08,+0.18]    +0.15 [+0.11,+0.18]
  impulsiveness_curve_mrg_step285    +0.28 [+0.23,+0.32]    +0.17 [+0.13,+0.22]    +0.19 [+0.13,+0.25]    +0.17 [+0.11,+0.22]    +0.18 [+0.13,+0.22]
  impulsiveness_curve_mrg_step375    +0.30 [+0.26,+0.34]    +0.22 [+0.18,+0.26]    +0.22 [+0.16,+0.28]    +0.20 [+0.15,+0.24]    +0.20 [+0.16,+0.25]
  impulsiveness_curve_mrg_step45    +0.05 [+0.02,+0.08]    +0.03 [+0.01,+0.06]    +0.03 [-0.01,+0.08]    +0.00 [-0.03,+0.04]    -0.01 [-0.03,+0.03]
  impulsiveness_curve_mrg_step750    +0.37 [+0.33,+0.41]    +0.32 [+0.27,+0.37]    +0.30 [+0.22,+0.37]    +0.26 [+0.20,+0.31]    +0.28 [+0.23,+0.34]
  impulsiveness_curve_mrg_step90    +0.17 [+0.14,+0.21]    +0.14 [+0.10,+0.18]    +0.13 [+0.08,+0.19]    +0.10 [+0.05,+0.15]    +0.10 [+0.06,+0.14]
  impulsiveness_curve_mrg_stepfinal    +0.33 [+0.29,+0.37]    +0.27 [+0.22,+0.31]    +0.26 [+0.19,+0.33]    +0.22 [+0.16,+0.27]    +0.24 [+0.20,+0.29]
  impulsiveness_curve_seq_step1050    +0.35 [+0.30,+0.39]    +0.28 [+0.22,+0.33]    +0.26 [+0.19,+0.34]    +0.23 [+0.17,+0.29]    +0.25 [+0.21,+0.30]
  impulsiveness_curve_seq_step180    +0.28 [+0.25,+0.33]    +0.16 [+0.12,+0.20]    +0.15 [+0.10,+0.22]    +0.12 [+0.08,+0.17]    +0.16 [+0.11,+0.20]
  impulsiveness_curve_seq_step255    +0.29 [+0.25,+0.33]    +0.18 [+0.14,+0.22]    +0.20 [+0.14,+0.26]    +0.17 [+0.12,+0.22]    +0.18 [+0.14,+0.22]
  impulsiveness_curve_seq_step270    +0.32 [+0.29,+0.36]    +0.26 [+0.22,+0.30]    +0.25 [+0.19,+0.31]    +0.21 [+0.16,+0.26]    +0.23 [+0.19,+0.27]
  impulsiveness_curve_seq_step285    +0.37 [+0.33,+0.41]    +0.25 [+0.20,+0.30]    +0.26 [+0.19,+0.33]    +0.22 [+0.17,+0.27]    +0.25 [+0.20,+0.29]
  impulsiveness_curve_seq_step300    +0.33 [+0.29,+0.37]    +0.22 [+0.18,+0.27]    +0.23 [+0.17,+0.31]    +0.20 [+0.16,+0.25]    +0.22 [+0.18,+0.26]
  impulsiveness_curve_seq_step330    +0.35 [+0.32,+0.39]    +0.28 [+0.24,+0.33]    +0.27 [+0.20,+0.33]    +0.24 [+0.18,+0.29]    +0.25 [+0.21,+0.30]
  impulsiveness_curve_seq_step375    +0.35 [+0.31,+0.39]    +0.27 [+0.22,+0.31]    +0.27 [+0.20,+0.32]    +0.23 [+0.18,+0.28]    +0.25 [+0.21,+0.29]
  impulsiveness_curve_seq_step45    +0.04 [+0.02,+0.07]    +0.02 [-0.01,+0.05]    +0.02 [-0.03,+0.07]    -0.01 [-0.05,+0.02]    -0.02 [-0.05,+0.01]
  impulsiveness_curve_seq_step450    +0.33 [+0.29,+0.38]    +0.30 [+0.25,+0.35]    +0.28 [+0.22,+0.35]    +0.24 [+0.19,+0.29]    +0.26 [+0.23,+0.31]
  impulsiveness_curve_seq_step570    +0.30 [+0.25,+0.34]    +0.25 [+0.20,+0.30]    +0.23 [+0.16,+0.30]    +0.19 [+0.13,+0.24]    +0.22 [+0.17,+0.26]
  impulsiveness_curve_seq_step690    +0.41 [+0.36,+0.46]    +0.38 [+0.32,+0.44]    +0.35 [+0.26,+0.42]    +0.30 [+0.24,+0.36]    +0.34 [+0.29,+0.39]
  impulsiveness_curve_seq_step750    +0.39 [+0.35,+0.44]    +0.35 [+0.30,+0.40]    +0.32 [+0.24,+0.39]    +0.28 [+0.22,+0.34]    +0.31 [+0.26,+0.36]
  impulsiveness_curve_seq_step810    +0.37 [+0.33,+0.42]    +0.34 [+0.29,+0.39]    +0.31 [+0.23,+0.39]    +0.26 [+0.21,+0.32]    +0.30 [+0.25,+0.34]
  impulsiveness_curve_seq_step90    +0.23 [+0.19,+0.26]    +0.19 [+0.15,+0.23]    +0.17 [+0.10,+0.23]    +0.12 [+0.07,+0.17]    +0.14 [+0.10,+0.18]
  impulsiveness_curve_seq_step930    +0.34 [+0.29,+0.38]    +0.27 [+0.22,+0.32]    +0.26 [+0.19,+0.33]    +0.22 [+0.17,+0.27]    +0.25 [+0.20,+0.29]
  impulsiveness_curve_seq_stepfinal    +0.35 [+0.31,+0.39]    +0.29 [+0.24,+0.34]    +0.28 [+0.20,+0.35]    +0.24 [+0.18,+0.29]    +0.27 [+0.22,+0.31]
  impulsiveness_dm_m_d025s_s1.026    +0.02 [-0.00,+0.05]    -0.03 [-0.06,+0.00]    -0.01 [-0.06,+0.03]    -0.05 [-0.08,-0.01]    -0.06 [-0.09,-0.03]
  impulsiveness_dm_m_d025s_s1.459    +0.06 [+0.03,+0.09]    -0.01 [-0.05,+0.02]    +0.01 [-0.04,+0.06]    -0.01 [-0.05,+0.03]    -0.02 [-0.06,+0.01]
  impulsiveness_dm_m_d025s_s1.967    +0.13 [+0.09,+0.18]    +0.08 [+0.04,+0.13]    +0.12 [+0.05,+0.18]    +0.12 [+0.07,+0.17]    +0.09 [+0.04,+0.14]
  impulsiveness_dm_m_d_s1.364    +0.02 [+0.00,+0.05]    -0.03 [-0.05,-0.00]    -0.01 [-0.05,+0.02]    -0.04 [-0.06,-0.01]    -0.05 [-0.08,-0.03]
  impulsiveness_dm_m_d_s1.653    +0.04 [+0.02,+0.07]    -0.01 [-0.04,+0.02]    +0.01 [-0.03,+0.05]    -0.00 [-0.04,+0.03]    -0.02 [-0.05,+0.01]
  impulsiveness_dm_m_d_s1.979    +0.08 [+0.05,+0.12]    +0.05 [+0.02,+0.10]    +0.07 [+0.02,+0.11]    +0.07 [+0.03,+0.11]    +0.04 [-0.00,+0.08]
  impulsiveness_dm_m_d_s2.25    +0.12 [+0.07,+0.16]    +0.11 [+0.06,+0.15]    +0.12 [+0.07,+0.17]    +0.13 [+0.08,+0.17]    +0.09 [+0.04,+0.13]
  impulsiveness_dm_m_d_s2.5    +0.14 [+0.10,+0.19]    +0.15 [+0.10,+0.19]    +0.16 [+0.10,+0.22]    +0.17 [+0.12,+0.22]    +0.13 [+0.09,+0.18]
  impulsiveness_dm_m_f_s0.518    -0.14 [-0.17,-0.10]    -0.10 [-0.14,-0.06]    -0.06 [-0.11,-0.01]    -0.11 [-0.15,-0.07]    -0.15 [-0.19,-0.12]
  impulsiveness_dm_m_f_s0.801    +0.22 [+0.17,+0.26]    +0.18 [+0.14,+0.23]    +0.19 [+0.12,+0.25]    +0.15 [+0.09,+0.20]    +0.16 [+0.11,+0.20]
  impulsiveness_dm_m_f_s1.062    +0.34 [+0.29,+0.39]    +0.26 [+0.21,+0.31]    +0.26 [+0.19,+0.33]    +0.23 [+0.17,+0.28]    +0.24 [+0.19,+0.30]
  impulsiveness_dm_m_s_s0.505    +0.15 [+0.11,+0.20]    +0.07 [+0.02,+0.12]    +0.14 [+0.07,+0.20]    +0.06 [+0.01,+0.11]    +0.07 [+0.01,+0.12]
  impulsiveness_dm_m_s_s0.589    +0.33 [+0.29,+0.38]    +0.28 [+0.22,+0.34]    +0.30 [+0.23,+0.37]    +0.23 [+0.18,+0.29]    +0.26 [+0.21,+0.31]
  impulsiveness_dm_m_s_s0.673    +0.45 [+0.40,+0.50]    +0.43 [+0.38,+0.48]    +0.41 [+0.34,+0.48]    +0.36 [+0.30,+0.42]    +0.39 [+0.33,+0.44]
  impulsiveness_repro_Dplus025S    +0.02 [-0.01,+0.04]    -0.03 [-0.06,-0.00]    -0.01 [-0.05,+0.03]    -0.05 [-0.07,-0.02]    -0.06 [-0.09,-0.03]
  impulsiveness_repro_DplusS    +0.36 [+0.31,+0.41]    +0.29 [+0.24,+0.34]    +0.28 [+0.21,+0.35]    +0.24 [+0.18,+0.30]    +0.27 [+0.21,+0.31]
  impulsiveness_repro_sft    -0.36 [-0.43,-0.29]    -0.42 [-0.49,-0.35]    -0.31 [-0.41,-0.22]    -0.38 [-0.44,-0.31]    -0.47 [-0.54,-0.39]
  impulsiveness_seed2    +0.37 [+0.33,+0.42]    +0.30 [+0.25,+0.35]    +0.28 [+0.21,+0.35]    +0.25 [+0.20,+0.31]    +0.28 [+0.23,+0.33]
  impulsiveness_seed2_Dplus025S    -0.06 [-0.08,-0.03]    -0.06 [-0.09,-0.03]    -0.05 [-0.09,-0.01]    -0.09 [-0.13,-0.06]    -0.10 [-0.13,-0.07]
  impulsiveness_seed2_DplusS    +0.45 [+0.41,+0.50]    +0.40 [+0.35,+0.45]    +0.36 [+0.29,+0.43]    +0.33 [+0.28,+0.39]    +0.37 [+0.32,+0.42]
  impulsiveness_seed2_dpo    -0.13 [-0.15,-0.10]    -0.13 [-0.15,-0.10]    -0.10 [-0.14,-0.06]    -0.14 [-0.17,-0.11]    -0.16 [-0.19,-0.14]
  impulsiveness_sft_from_base    +0.72 [+0.67,+0.77]    +0.72 [+0.66,+0.77]    +0.63 [+0.56,+0.71]    +0.60 [+0.54,+0.66]    +0.64 [+0.59,+0.69]
  mathematical          -0.94 [-1.01,-0.88]    -0.86 [-0.93,-0.79]    -0.73 [-0.81,-0.66]    -0.78 [-0.85,-0.71]    -0.90 [-0.96,-0.83]
  misalignment          +0.67 [+0.63,+0.71]    +0.60 [+0.55,+0.64]    +0.57 [+0.52,+0.63]    +0.58 [+0.54,+0.63]    +0.54 [+0.50,+0.58]
  random_iid_s16        -0.48 [-0.53,-0.44]    -0.57 [-0.61,-0.52]    -0.51 [-0.58,-0.44]    -0.54 [-0.59,-0.50]    -0.58 [-0.62,-0.54]
  random_perm_s16       -0.29 [-0.35,-0.22]    -0.14 [-0.21,-0.07]    -0.19 [-0.28,-0.10]    -0.22 [-0.30,-0.15]    -0.38 [-0.45,-0.32]

Contrast [impulsivity_only]  targets=impulsivity
  arm                               linear             quadratic            local_d0.5            local_d1.0            local_d2.0
  goodness              -1.51 [-1.58,-1.44]    -1.30 [-1.37,-1.23]    -1.19 [-1.29,-1.11]    -1.27 [-1.36,-1.20]    -1.37 [-1.44,-1.30]
  impulsiveness         +0.74 [+0.67,+0.81]    +0.68 [+0.61,+0.75]    +0.76 [+0.65,+0.84]    +0.62 [+0.52,+0.69]    +0.62 [+0.55,+0.68]
  impulsiveness_curve_mrg_step180    +0.20 [+0.15,+0.25]    +0.09 [+0.03,+0.14]    +0.18 [+0.10,+0.26]    +0.08 [+0.02,+0.13]    +0.08 [+0.03,+0.12]
  impulsiveness_curve_mrg_step285    +0.26 [+0.21,+0.30]    +0.13 [+0.07,+0.18]    +0.24 [+0.16,+0.32]    +0.13 [+0.07,+0.20]    +0.13 [+0.08,+0.18]
  impulsiveness_curve_mrg_step375    +0.25 [+0.21,+0.30]    +0.16 [+0.12,+0.22]    +0.26 [+0.19,+0.34]    +0.15 [+0.09,+0.22]    +0.14 [+0.09,+0.20]
  impulsiveness_curve_mrg_step45    -0.06 [-0.09,-0.02]    -0.08 [-0.11,-0.04]    -0.04 [-0.09,+0.02]    -0.12 [-0.16,-0.07]    -0.13 [-0.16,-0.09]
  impulsiveness_curve_mrg_step750    +0.35 [+0.29,+0.41]    +0.29 [+0.22,+0.35]    +0.38 [+0.28,+0.48]    +0.25 [+0.17,+0.32]    +0.25 [+0.19,+0.31]
  impulsiveness_curve_mrg_step90    +0.09 [+0.06,+0.14]    +0.04 [-0.00,+0.09]    +0.10 [+0.04,+0.17]    +0.00 [-0.05,+0.07]    -0.00 [-0.05,+0.05]
  impulsiveness_curve_mrg_stepfinal    +0.33 [+0.27,+0.38]    +0.24 [+0.18,+0.30]    +0.35 [+0.24,+0.42]    +0.21 [+0.13,+0.27]    +0.22 [+0.15,+0.27]
  impulsiveness_curve_seq_step1050    +0.36 [+0.30,+0.42]    +0.26 [+0.20,+0.33]    +0.39 [+0.28,+0.49]    +0.25 [+0.17,+0.33]    +0.25 [+0.18,+0.31]
  impulsiveness_curve_seq_step180    +0.24 [+0.20,+0.30]    +0.07 [+0.02,+0.13]    +0.19 [+0.10,+0.27]    +0.07 [-0.00,+0.14]    +0.08 [+0.03,+0.14]
  impulsiveness_curve_seq_step255    +0.25 [+0.21,+0.30]    +0.11 [+0.05,+0.17]    +0.25 [+0.16,+0.33]    +0.13 [+0.08,+0.20]    +0.12 [+0.06,+0.17]
  impulsiveness_curve_seq_step270    +0.27 [+0.23,+0.33]    +0.18 [+0.13,+0.24]    +0.30 [+0.22,+0.39]    +0.17 [+0.11,+0.24]    +0.16 [+0.11,+0.22]
  impulsiveness_curve_seq_step285    +0.36 [+0.31,+0.41]    +0.20 [+0.14,+0.26]    +0.35 [+0.25,+0.43]    +0.21 [+0.14,+0.28]    +0.21 [+0.16,+0.26]
  impulsiveness_curve_seq_step300    +0.32 [+0.28,+0.37]    +0.18 [+0.13,+0.23]    +0.30 [+0.22,+0.38]    +0.19 [+0.13,+0.25]    +0.18 [+0.13,+0.24]
  impulsiveness_curve_seq_step330    +0.30 [+0.25,+0.37]    +0.22 [+0.16,+0.29]    +0.33 [+0.24,+0.41]    +0.21 [+0.14,+0.28]    +0.19 [+0.14,+0.25]
  impulsiveness_curve_seq_step375    +0.32 [+0.27,+0.37]    +0.21 [+0.14,+0.26]    +0.32 [+0.25,+0.41]    +0.20 [+0.14,+0.27]    +0.20 [+0.14,+0.25]
  impulsiveness_curve_seq_step45    -0.08 [-0.11,-0.04]    -0.10 [-0.14,-0.06]    -0.05 [-0.11,+0.00]    -0.14 [-0.19,-0.09]    -0.16 [-0.19,-0.12]
  impulsiveness_curve_seq_step450    +0.31 [+0.25,+0.37]    +0.26 [+0.19,+0.33]    +0.37 [+0.27,+0.46]    +0.23 [+0.16,+0.31]    +0.23 [+0.17,+0.29]
  impulsiveness_curve_seq_step570    +0.28 [+0.22,+0.34]    +0.21 [+0.15,+0.28]    +0.31 [+0.22,+0.41]    +0.18 [+0.11,+0.27]    +0.19 [+0.12,+0.25]
  impulsiveness_curve_seq_step690    +0.41 [+0.35,+0.47]    +0.35 [+0.28,+0.42]    +0.48 [+0.37,+0.57]    +0.33 [+0.25,+0.41]    +0.32 [+0.26,+0.39]
  impulsiveness_curve_seq_step750    +0.39 [+0.33,+0.46]    +0.33 [+0.24,+0.40]    +0.44 [+0.32,+0.54]    +0.29 [+0.20,+0.37]    +0.30 [+0.22,+0.36]
  impulsiveness_curve_seq_step810    +0.37 [+0.31,+0.44]    +0.31 [+0.24,+0.38]    +0.43 [+0.33,+0.53]    +0.28 [+0.20,+0.35]    +0.28 [+0.21,+0.35]
  impulsiveness_curve_seq_step90    +0.14 [+0.10,+0.19]    +0.08 [+0.03,+0.13]    +0.14 [+0.06,+0.22]    +0.03 [-0.04,+0.09]    +0.03 [-0.02,+0.08]
  impulsiveness_curve_seq_step930    +0.35 [+0.28,+0.40]    +0.25 [+0.18,+0.31]    +0.37 [+0.27,+0.48]    +0.24 [+0.17,+0.31]    +0.24 [+0.17,+0.30]
  impulsiveness_curve_seq_stepfinal    +0.37 [+0.30,+0.43]    +0.28 [+0.20,+0.35]    +0.40 [+0.30,+0.49]    +0.26 [+0.18,+0.33]    +0.26 [+0.19,+0.32]
  impulsiveness_dm_m_d025s_s1.026    -0.09 [-0.12,-0.06]    -0.16 [-0.20,-0.12]    -0.09 [-0.14,-0.02]    -0.17 [-0.22,-0.12]    -0.20 [-0.23,-0.16]
  impulsiveness_dm_m_d025s_s1.459    -0.01 [-0.05,+0.02]    -0.09 [-0.14,-0.05]    -0.01 [-0.07,+0.04]    -0.10 [-0.14,-0.06]    -0.12 [-0.16,-0.08]
  impulsiveness_dm_m_d025s_s1.967    +0.12 [+0.07,+0.18]    +0.07 [+0.02,+0.12]    +0.17 [+0.11,+0.24]    +0.11 [+0.06,+0.17]    +0.06 [+0.01,+0.11]
  impulsiveness_dm_m_d_s1.364    -0.06 [-0.08,-0.03]    -0.12 [-0.15,-0.09]    -0.08 [-0.11,-0.03]    -0.14 [-0.17,-0.11]    -0.16 [-0.19,-0.13]
  impulsiveness_dm_m_d_s1.653    -0.02 [-0.05,+0.01]    -0.07 [-0.10,-0.04]    -0.02 [-0.07,+0.02]    -0.07 [-0.12,-0.04]    -0.10 [-0.13,-0.07]
  impulsiveness_dm_m_d_s1.979    +0.06 [+0.03,+0.09]    +0.03 [-0.01,+0.07]    +0.08 [+0.03,+0.12]    +0.04 [+0.01,+0.08]    -0.00 [-0.04,+0.03]
  impulsiveness_dm_m_d_s2.25    +0.12 [+0.07,+0.16]    +0.11 [+0.07,+0.15]    +0.16 [+0.11,+0.22]    +0.13 [+0.09,+0.18]    +0.07 [+0.03,+0.11]
  impulsiveness_dm_m_d_s2.5    +0.16 [+0.12,+0.20]    +0.17 [+0.13,+0.22]    +0.22 [+0.16,+0.28]    +0.20 [+0.15,+0.25]    +0.12 [+0.08,+0.17]
  impulsiveness_dm_m_f_s0.518    -0.34 [-0.39,-0.29]    -0.30 [-0.35,-0.25]    -0.18 [-0.24,-0.12]    -0.30 [-0.35,-0.23]    -0.37 [-0.41,-0.31]
  impulsiveness_dm_m_f_s0.801    +0.13 [+0.08,+0.19]    +0.08 [+0.01,+0.13]    +0.21 [+0.12,+0.29]    +0.07 [-0.01,+0.14]    +0.06 [-0.01,+0.12]
  impulsiveness_dm_m_f_s1.062    +0.34 [+0.29,+0.40]    +0.25 [+0.19,+0.32]    +0.36 [+0.27,+0.46]    +0.23 [+0.16,+0.31]    +0.23 [+0.17,+0.29]
  impulsiveness_dm_m_s_s0.505    +0.07 [+0.00,+0.13]    -0.05 [-0.13,+0.02]    +0.15 [+0.05,+0.24]    -0.02 [-0.11,+0.05]    -0.06 [-0.13,+0.01]
  impulsiveness_dm_m_s_s0.589    +0.31 [+0.24,+0.39]    +0.22 [+0.13,+0.30]    +0.39 [+0.29,+0.49]    +0.22 [+0.13,+0.31]    +0.20 [+0.13,+0.28]
  impulsiveness_dm_m_s_s0.673    +0.47 [+0.40,+0.54]    +0.42 [+0.34,+0.50]    +0.56 [+0.44,+0.66]    +0.39 [+0.30,+0.47]    +0.39 [+0.31,+0.46]
  impulsiveness_repro_Dplus025S    -0.10 [-0.13,-0.06]    -0.16 [-0.19,-0.12]    -0.09 [-0.15,-0.04]    -0.18 [-0.22,-0.13]    -0.20 [-0.24,-0.17]
  impulsiveness_repro_DplusS    +0.37 [+0.31,+0.43]    +0.26 [+0.19,+0.34]    +0.39 [+0.30,+0.49]    +0.25 [+0.18,+0.33]    +0.25 [+0.18,+0.32]
  impulsiveness_repro_sft    -0.58 [-0.69,-0.47]    -0.64 [-0.76,-0.54]    -0.38 [-0.54,-0.24]    -0.56 [-0.67,-0.45]    -0.73 [-0.84,-0.61]
  impulsiveness_seed2    +0.39 [+0.34,+0.43]    +0.31 [+0.25,+0.36]    +0.37 [+0.29,+0.46]    +0.25 [+0.18,+0.32]    +0.27 [+0.22,+0.32]
  impulsiveness_seed2_Dplus025S    -0.20 [-0.23,-0.16]    -0.20 [-0.24,-0.16]    -0.14 [-0.20,-0.09]    -0.23 [-0.28,-0.18]    -0.25 [-0.30,-0.20]
  impulsiveness_seed2_DplusS    +0.51 [+0.45,+0.56]    +0.45 [+0.38,+0.50]    +0.52 [+0.43,+0.60]    +0.39 [+0.32,+0.46]    +0.40 [+0.34,+0.45]
  impulsiveness_seed2_dpo    -0.24 [-0.28,-0.22]    -0.24 [-0.27,-0.21]    -0.20 [-0.25,-0.15]    -0.26 [-0.31,-0.23]    -0.29 [-0.33,-0.26]
  impulsiveness_sft_from_base    +0.88 [+0.81,+0.94]    +0.85 [+0.77,+0.92]    +0.91 [+0.80,+1.01]    +0.77 [+0.68,+0.85]    +0.78 [+0.70,+0.84]
  mathematical          -1.26 [-1.35,-1.18]    -1.17 [-1.26,-1.07]    -0.95 [-1.05,-0.83]    -1.06 [-1.15,-0.97]    -1.21 [-1.29,-1.12]
  misalignment          +0.66 [+0.60,+0.71]    +0.56 [+0.50,+0.62]    +0.66 [+0.58,+0.74]    +0.61 [+0.55,+0.67]    +0.51 [+0.46,+0.57]
  random_iid_s16        -0.72 [-0.78,-0.66]    -0.84 [-0.90,-0.78]    -0.73 [-0.81,-0.64]    -0.78 [-0.85,-0.72]    -0.85 [-0.91,-0.79]
  random_perm_s16       -0.28 [-0.36,-0.17]    -0.07 [-0.17,+0.03]    -0.14 [-0.28,+0.01]    -0.19 [-0.29,-0.08]    -0.40 [-0.49,-0.30]
