
==============================================================================================
LAYER 15   (8 traits x 10 semantic personas, cross-fitted over 40 half-splits)
==============================================================================================

TABLE 1.  ||dG_{c,t}|| / mean_p||V_base_{t,p}||
  the persona-common shift, as a fraction of the base trait vector it displaces

trait                               impulsiveness              impulsiveness_repro          impulsiveness_repro_dpo    impulsiveness_repro_Dplus025S      impulsiveness_sft_from_base  impulsiveness_dm_m_d025s_s1.026  impulsiveness_dm_m_d025s_s1.459  impulsiveness_dm_m_d025s_s1.967      impulsiveness_dm_m_d_s1.364      impulsiveness_dm_m_d_s1.653      impulsiveness_dm_m_d_s1.979      impulsiveness_dm_m_f_s0.518      impulsiveness_dm_m_f_s0.801      impulsiveness_dm_m_f_s1.062      impulsiveness_dm_m_s_s0.505      impulsiveness_dm_m_s_s0.589      impulsiveness_dm_m_s_s0.673
assertiveness                               0.644                            0.647                            0.426                            0.447                            0.746                            0.457                            0.607                            0.745                            0.557                            0.646                            0.737                            0.448                            0.555                            0.674                            0.457                            0.512                            0.559
empathy                                     0.641                            0.683                            0.481                            0.521                            0.798                            0.532                            0.679                            0.824                            0.605                            0.693                            0.781                            0.470                            0.589                            0.713                            0.455                            0.516                            0.571
risk_taking                                 1.097                            1.007                            0.500                            0.577                            1.347                            0.592                            0.799                            1.035                            0.646                            0.752                            0.870                            0.588                            0.818                            1.066                            0.678                            0.834                            0.950
honesty                                     0.617                            0.637                            0.408                            0.454                            0.707                            0.463                            0.585                            0.703                            0.501                            0.564                            0.628                            0.464                            0.564                            0.659                            0.478                            0.523                            0.561
confidence                                  0.679                            0.673                            0.458                            0.486                            0.803                            0.497                            0.645                            0.793                            0.573                            0.654                            0.744                            0.471                            0.574                            0.705                            0.452                            0.513                            0.566
deference                                   0.645                            0.626                            0.422                            0.454                            0.701                            0.465                            0.616                            0.756                            0.539                            0.618                            0.696                            0.450                            0.547                            0.651                            0.414                            0.464                            0.507
warmth                                      0.696                            0.684                            0.455                            0.496                            0.811                            0.508                            0.660                            0.807                            0.581                            0.669                            0.757                            0.452                            0.582                            0.718                            0.443                            0.513                            0.576
impulsivity                                 1.154                            1.042                            0.476                            0.557                            1.388                            0.571                            0.776                            1.013                            0.607                            0.703                            0.809                            0.581                            0.846                            1.103                            0.741                            0.886                            0.992
MEAN                                        0.772                            0.750                            0.453                            0.499                            0.913                            0.510                            0.671                            0.834                            0.576                            0.662                            0.753                            0.491                            0.634                            0.786                            0.515                            0.595                            0.660

TABLE 2.  ||dG_{c,t}||^2 / mean_p||dV_{c,t,p}||^2
  SHARE of this adapter's total change carried by the common shift (exact partition)

trait                               impulsiveness              impulsiveness_repro          impulsiveness_repro_dpo    impulsiveness_repro_Dplus025S      impulsiveness_sft_from_base  impulsiveness_dm_m_d025s_s1.026  impulsiveness_dm_m_d025s_s1.459  impulsiveness_dm_m_d025s_s1.967      impulsiveness_dm_m_d_s1.364      impulsiveness_dm_m_d_s1.653      impulsiveness_dm_m_d_s1.979      impulsiveness_dm_m_f_s0.518      impulsiveness_dm_m_f_s0.801      impulsiveness_dm_m_f_s1.062      impulsiveness_dm_m_s_s0.505      impulsiveness_dm_m_s_s0.589      impulsiveness_dm_m_s_s0.673
assertiveness                               0.684                            0.714                            0.670                            0.677                            0.740                            0.681                            0.735                            0.767                            0.728                            0.758                            0.783                            0.666                            0.691                            0.721                            0.677                            0.688                            0.698
empathy                                     0.634                            0.691                            0.617                            0.648                            0.734                            0.653                            0.704                            0.746                            0.670                            0.702                            0.730                            0.624                            0.659                            0.702                            0.623                            0.648                            0.668
risk_taking                                 0.843                            0.846                            0.699                            0.747                            0.878                            0.751                            0.802                            0.843                            0.750                            0.780                            0.808                            0.768                            0.815                            0.854                            0.797                            0.824                            0.838
honesty                                     0.737                            0.779                            0.713                            0.746                            0.796                            0.748                            0.780                            0.805                            0.742                            0.762                            0.780                            0.756                            0.769                            0.783                            0.765                            0.770                            0.775
confidence                                  0.718                            0.746                            0.656                            0.690                            0.779                            0.695                            0.748                            0.790                            0.706                            0.737                            0.767                            0.692                            0.716                            0.756                            0.679                            0.699                            0.715
deference                                   0.626                            0.652                            0.566                            0.589                            0.679                            0.594                            0.658                            0.705                            0.617                            0.649                            0.676                            0.593                            0.621                            0.661                            0.577                            0.597                            0.613
warmth                                      0.700                            0.709                            0.646                            0.665                            0.756                            0.670                            0.715                            0.748                            0.698                            0.726                            0.747                            0.643                            0.674                            0.720                            0.643                            0.673                            0.695
impulsivity                                 0.843                            0.844                            0.691                            0.735                            0.878                            0.739                            0.794                            0.840                            0.736                            0.765                            0.791                            0.745                            0.810                            0.853                            0.788                            0.816                            0.832
MEAN                                        0.723                            0.748                            0.657                            0.687                            0.780                            0.691                            0.742                            0.780                            0.706                            0.735                            0.760                            0.686                            0.719                            0.756                            0.694                            0.714                            0.729

TABLE 2b. ||dG_{c,t}|| / mean_p||dV_{c,t,p}||
  the same thing in LINEAR units (the sqrt of table 2) -- not a share

trait                               impulsiveness              impulsiveness_repro          impulsiveness_repro_dpo    impulsiveness_repro_Dplus025S      impulsiveness_sft_from_base  impulsiveness_dm_m_d025s_s1.026  impulsiveness_dm_m_d025s_s1.459  impulsiveness_dm_m_d025s_s1.967      impulsiveness_dm_m_d_s1.364      impulsiveness_dm_m_d_s1.653      impulsiveness_dm_m_d_s1.979      impulsiveness_dm_m_f_s0.518      impulsiveness_dm_m_f_s0.801      impulsiveness_dm_m_f_s1.062      impulsiveness_dm_m_s_s0.505      impulsiveness_dm_m_s_s0.589      impulsiveness_dm_m_s_s0.673
assertiveness                               0.827                            0.845                            0.819                            0.823                            0.860                            0.825                            0.857                            0.876                            0.853                            0.871                            0.885                            0.816                            0.831                            0.849                            0.823                            0.829                            0.835
empathy                                     0.796                            0.831                            0.786                            0.805                            0.857                            0.808                            0.839                            0.864                            0.819                            0.838                            0.854                            0.790                            0.812                            0.838                            0.789                            0.805                            0.817
risk_taking                                 0.918                            0.920                            0.836                            0.864                            0.937                            0.867                            0.896                            0.918                            0.866                            0.883                            0.899                            0.876                            0.903                            0.924                            0.893                            0.908                            0.915
honesty                                     0.858                            0.883                            0.844                            0.864                            0.892                            0.865                            0.883                            0.897                            0.861                            0.873                            0.883                            0.869                            0.877                            0.885                            0.874                            0.878                            0.880
confidence                                  0.847                            0.864                            0.810                            0.831                            0.883                            0.833                            0.865                            0.889                            0.840                            0.858                            0.876                            0.832                            0.846                            0.869                            0.824                            0.836                            0.846
deference                                   0.791                            0.807                            0.752                            0.767                            0.824                            0.770                            0.811                            0.839                            0.786                            0.806                            0.822                            0.770                            0.788                            0.813                            0.760                            0.773                            0.783
warmth                                      0.836                            0.842                            0.803                            0.816                            0.870                            0.818                            0.846                            0.865                            0.835                            0.852                            0.864                            0.802                            0.821                            0.849                            0.802                            0.821                            0.834
impulsivity                                 0.918                            0.919                            0.831                            0.857                            0.937                            0.859                            0.891                            0.917                            0.858                            0.874                            0.889                            0.863                            0.900                            0.924                            0.888                            0.903                            0.912
MEAN                                        0.849                            0.864                            0.810                            0.828                            0.883                            0.831                            0.861                            0.883                            0.840                            0.857                            0.872                            0.827                            0.847                            0.869                            0.832                            0.844                            0.853

TABLE 1n. table 1 computed NAIVELY (no cross-fitting), for comparison
  the gap is the noise the cross-fitted estimator removes

trait                               impulsiveness              impulsiveness_repro          impulsiveness_repro_dpo    impulsiveness_repro_Dplus025S      impulsiveness_sft_from_base  impulsiveness_dm_m_d025s_s1.026  impulsiveness_dm_m_d025s_s1.459  impulsiveness_dm_m_d025s_s1.967      impulsiveness_dm_m_d_s1.364      impulsiveness_dm_m_d_s1.653      impulsiveness_dm_m_d_s1.979      impulsiveness_dm_m_f_s0.518      impulsiveness_dm_m_f_s0.801      impulsiveness_dm_m_f_s1.062      impulsiveness_dm_m_s_s0.505      impulsiveness_dm_m_s_s0.589      impulsiveness_dm_m_s_s0.673
assertiveness                               0.626                            0.627                            0.416                            0.433                            0.723                            0.443                            0.587                            0.719                            0.540                            0.626                            0.712                            0.433                            0.537                            0.653                            0.440                            0.492                            0.538
empathy                                     0.625                            0.659                            0.465                            0.501                            0.769                            0.511                            0.652                            0.793                            0.584                            0.668                            0.752                            0.453                            0.568                            0.688                            0.438                            0.497                            0.550
risk_taking                                 1.007                            0.926                            0.472                            0.538                            1.230                            0.551                            0.741                            0.956                            0.607                            0.704                            0.811                            0.545                            0.754                            0.979                            0.621                            0.762                            0.867
honesty                                     0.602                            0.618                            0.402                            0.441                            0.684                            0.450                            0.569                            0.682                            0.492                            0.553                            0.616                            0.449                            0.546                            0.639                            0.458                            0.502                            0.539
confidence                                  0.656                            0.647                            0.443                            0.468                            0.767                            0.478                            0.619                            0.761                            0.554                            0.630                            0.716                            0.452                            0.552                            0.677                            0.432                            0.490                            0.541
deference                                   0.616                            0.596                            0.405                            0.432                            0.666                            0.442                            0.582                            0.714                            0.515                            0.589                            0.662                            0.426                            0.519                            0.620                            0.392                            0.440                            0.481
warmth                                      0.671                            0.656                            0.441                            0.475                            0.774                            0.487                            0.631                            0.772                            0.561                            0.644                            0.726                            0.434                            0.557                            0.688                            0.424                            0.490                            0.550
impulsivity                                 1.093                            0.988                            0.462                            0.534                            1.311                            0.547                            0.741                            0.964                            0.586                            0.677                            0.777                            0.555                            0.803                            1.045                            0.701                            0.838                            0.937
MEAN                                        0.737                            0.714                            0.438                            0.478                            0.866                            0.489                            0.640                            0.795                            0.555                            0.636                            0.722                            0.468                            0.604                            0.749                            0.488                            0.564                            0.625


TABLE 3.  cos(dG_c, dG_c') per trait  [cross-fitted; naive in brackets]
  are the constitutions adding the SAME shift, or only shifts of similar size?

  assertiveness
                     impulsivenes   impulsivenes   impulsivenes   impulsivenes   impulsivenes   impulsivenes   impulsivenes   impulsivenes   impulsivenes   impulsivenes   impulsivenes   impulsivenes   impulsivenes   impulsivenes   impulsivenes   impulsivenes   impulsivenes
    impulsiveness    1.000 [1.00]   0.945 [0.94]   0.551 [0.55]   0.739 [0.74]   0.927 [0.91]   0.743 [0.74]   0.780 [0.78]   0.804 [0.80]   0.573 [0.58]   0.586 [0.59]   0.597 [0.60]   0.826 [0.82]   0.931 [0.93]   0.946 [0.94]   0.894 [0.89]   0.908 [0.90]   0.916 [0.91]
    impulsiveness_   0.945 [0.94]   1.000 [1.00]   0.632 [0.63]   0.822 [0.82]   0.959 [0.95]   0.825 [0.82]   0.857 [0.86]   0.874 [0.87]   0.652 [0.65]   0.663 [0.66]   0.673 [0.67]   0.883 [0.88]   0.993 [0.99]   0.999 [1.00]   0.938 [0.93]   0.948 [0.94]   0.955 [0.95]
    impulsiveness_   0.551 [0.55]   0.632 [0.63]   1.000 [1.00]   0.946 [0.95]   0.531 [0.51]   0.944 [0.94]   0.905 [0.90]   0.850 [0.85]   0.980 [0.98]   0.954 [0.95]   0.921 [0.92]   0.788 [0.79]   0.677 [0.68]   0.621 [0.62]   0.569 [0.56]   0.555 [0.55]   0.550 [0.54]
    impulsiveness_   0.739 [0.74]   0.822 [0.82]   0.946 [0.95]   1.000 [1.00]   0.736 [0.72]   1.000 [1.00]   0.977 [0.98]   0.937 [0.93]   0.935 [0.93]   0.918 [0.92]   0.896 [0.90]   0.911 [0.91]   0.862 [0.86]   0.811 [0.81]   0.776 [0.77]   0.766 [0.76]   0.761 [0.75]
    impulsiveness_   0.927 [0.91]   0.959 [0.95]   0.531 [0.51]   0.736 [0.72]   1.000 [1.00]   0.740 [0.72]   0.787 [0.77]   0.817 [0.80]   0.562 [0.55]   0.580 [0.56]   0.596 [0.58]   0.805 [0.79]   0.941 [0.93]   0.961 [0.95]   0.949 [0.94]   0.968 [0.96]   0.981 [0.97]
    impulsiveness_   0.743 [0.74]   0.825 [0.82]   0.944 [0.94]   1.000 [1.00]   0.740 [0.72]   1.000 [1.00]   0.980 [0.98]   0.941 [0.94]   0.936 [0.94]   0.921 [0.92]   0.900 [0.90]   0.911 [0.91]   0.864 [0.86]   0.815 [0.81]   0.779 [0.77]   0.769 [0.76]   0.765 [0.76]
    impulsiveness_   0.780 [0.78]   0.857 [0.86]   0.905 [0.90]   0.977 [0.98]   0.787 [0.77]   0.980 [0.98]   1.000 [1.00]   0.987 [0.99]   0.933 [0.93]   0.937 [0.94]   0.932 [0.93]   0.898 [0.90]   0.880 [0.88]   0.851 [0.85]   0.796 [0.79]   0.793 [0.79]   0.795 [0.79]
    impulsiveness_   0.804 [0.80]   0.874 [0.87]   0.850 [0.85]   0.937 [0.93]   0.817 [0.80]   0.941 [0.94]   0.987 [0.99]   1.000 [1.00]   0.899 [0.90]   0.918 [0.92]   0.928 [0.93]   0.869 [0.87]   0.883 [0.88]   0.871 [0.87]   0.799 [0.79]   0.803 [0.80]   0.809 [0.80]
    impulsiveness_   0.573 [0.58]   0.652 [0.65]   0.980 [0.98]   0.935 [0.93]   0.562 [0.55]   0.936 [0.94]   0.933 [0.93]   0.899 [0.90]   1.000 [1.00]   0.993 [0.99]   0.975 [0.97]   0.780 [0.78]   0.687 [0.69]   0.643 [0.64]   0.583 [0.58]   0.573 [0.57]   0.572 [0.57]
    impulsiveness_   0.586 [0.59]   0.663 [0.66]   0.954 [0.95]   0.918 [0.92]   0.580 [0.56]   0.921 [0.92]   0.937 [0.94]   0.918 [0.92]   0.993 [0.99]   1.000 [1.00]   0.994 [0.99]   0.767 [0.77]   0.692 [0.69]   0.656 [0.66]   0.589 [0.58]   0.582 [0.58]   0.583 [0.58]
    impulsiveness_   0.597 [0.60]   0.673 [0.67]   0.921 [0.92]   0.896 [0.90]   0.596 [0.58]   0.900 [0.90]   0.932 [0.93]   0.928 [0.93]   0.975 [0.97]   0.994 [0.99]   1.000 [1.00]   0.749 [0.75]   0.695 [0.69]   0.667 [0.67]   0.593 [0.59]   0.588 [0.58]   0.591 [0.58]
    impulsiveness_   0.826 [0.82]   0.883 [0.88]   0.788 [0.79]   0.911 [0.91]   0.805 [0.79]   0.911 [0.91]   0.898 [0.90]   0.869 [0.87]   0.780 [0.78]   0.767 [0.77]   0.749 [0.75]   1.000 [1.00]   0.912 [0.91]   0.874 [0.87]   0.852 [0.85]   0.841 [0.84]   0.836 [0.83]
    impulsiveness_   0.931 [0.93]   0.993 [0.99]   0.677 [0.68]   0.862 [0.86]   0.941 [0.93]   0.864 [0.86]   0.880 [0.88]   0.883 [0.88]   0.687 [0.69]   0.692 [0.69]   0.695 [0.69]   0.912 [0.91]   1.000 [1.00]   0.988 [0.99]   0.948 [0.94]   0.951 [0.95]   0.953 [0.95]
    impulsiveness_   0.946 [0.94]   0.999 [1.00]   0.621 [0.62]   0.811 [0.81]   0.961 [0.95]   0.815 [0.81]   0.851 [0.85]   0.871 [0.87]   0.643 [0.64]   0.656 [0.66]   0.667 [0.67]   0.874 [0.87]   0.988 [0.99]   1.000 [1.00]   0.933 [0.93]   0.944 [0.94]   0.953 [0.95]
    impulsiveness_   0.894 [0.89]   0.938 [0.93]   0.569 [0.56]   0.776 [0.77]   0.949 [0.94]   0.779 [0.77]   0.796 [0.79]   0.799 [0.79]   0.583 [0.58]   0.589 [0.58]   0.593 [0.59]   0.852 [0.85]   0.948 [0.94]   0.933 [0.93]   1.000 [1.00]   0.996 [1.00]   0.989 [0.99]
    impulsiveness_   0.908 [0.90]   0.948 [0.94]   0.555 [0.55]   0.766 [0.76]   0.968 [0.96]   0.769 [0.76]   0.793 [0.79]   0.803 [0.80]   0.573 [0.57]   0.582 [0.58]   0.588 [0.58]   0.841 [0.84]   0.951 [0.95]   0.944 [0.94]   0.996 [1.00]   1.000 [1.00]   0.998 [1.00]
    impulsiveness_   0.916 [0.91]   0.955 [0.95]   0.550 [0.54]   0.761 [0.75]   0.981 [0.97]   0.765 [0.76]   0.795 [0.79]   0.809 [0.80]   0.572 [0.57]   0.583 [0.58]   0.591 [0.58]   0.836 [0.83]   0.953 [0.95]   0.953 [0.95]   0.989 [0.99]   0.998 [1.00]   1.000 [1.00]

  empathy
                     impulsivenes   impulsivenes   impulsivenes   impulsivenes   impulsivenes   impulsivenes   impulsivenes   impulsivenes   impulsivenes   impulsivenes   impulsivenes   impulsivenes   impulsivenes   impulsivenes   impulsivenes   impulsivenes   impulsivenes
    impulsiveness    1.000 [1.00]   0.935 [0.93]   0.711 [0.70]   0.797 [0.79]   0.867 [0.85]   0.802 [0.80]   0.854 [0.85]   0.874 [0.87]   0.754 [0.74]   0.769 [0.76]   0.780 [0.77]   0.855 [0.85]   0.925 [0.92]   0.934 [0.93]   0.859 [0.86]   0.874 [0.87]   0.880 [0.87]
    impulsiveness_   0.935 [0.93]   1.000 [1.00]   0.763 [0.75]   0.856 [0.85]   0.924 [0.92]   0.861 [0.86]   0.914 [0.91]   0.934 [0.93]   0.810 [0.80]   0.828 [0.82]   0.839 [0.83]   0.902 [0.90]   0.987 [0.99]   0.999 [1.00]   0.922 [0.92]   0.937 [0.93]   0.944 [0.94]
    impulsiveness_   0.711 [0.70]   0.763 [0.75]   1.000 [1.00]   0.972 [0.97]   0.609 [0.59]   0.970 [0.97]   0.931 [0.93]   0.866 [0.86]   0.981 [0.98]   0.953 [0.95]   0.919 [0.92]   0.875 [0.87]   0.815 [0.80]   0.748 [0.74]   0.734 [0.72]   0.707 [0.69]   0.686 [0.67]
    impulsiveness_   0.797 [0.79]   0.856 [0.85]   0.972 [0.97]   1.000 [1.00]   0.708 [0.69]   1.000 [1.00]   0.974 [0.97]   0.916 [0.92]   0.962 [0.96]   0.942 [0.94]   0.916 [0.91]   0.942 [0.94]   0.906 [0.90]   0.840 [0.84]   0.837 [0.83]   0.811 [0.80]   0.790 [0.78]
    impulsiveness_   0.867 [0.85]   0.924 [0.92]   0.609 [0.59]   0.708 [0.69]   1.000 [1.00]   0.715 [0.70]   0.793 [0.78]   0.839 [0.82]   0.679 [0.66]   0.709 [0.69]   0.732 [0.71]   0.771 [0.76]   0.883 [0.87]   0.932 [0.92]   0.909 [0.90]   0.948 [0.94]   0.969 [0.96]
    impulsiveness_   0.802 [0.80]   0.861 [0.86]   0.970 [0.97]   1.000 [1.00]   0.715 [0.70]   1.000 [1.00]   0.977 [0.98]   0.922 [0.92]   0.963 [0.96]   0.945 [0.94]   0.920 [0.92]   0.942 [0.94]   0.910 [0.91]   0.845 [0.84]   0.840 [0.83]   0.815 [0.81]   0.795 [0.79]
    impulsiveness_   0.854 [0.85]   0.914 [0.91]   0.931 [0.93]   0.974 [0.97]   0.793 [0.78]   0.977 [0.98]   1.000 [1.00]   0.981 [0.98]   0.964 [0.96]   0.968 [0.97]   0.961 [0.96]   0.929 [0.93]   0.937 [0.93]   0.905 [0.90]   0.860 [0.85]   0.853 [0.85]   0.845 [0.84]
    impulsiveness_   0.874 [0.87]   0.934 [0.93]   0.866 [0.86]   0.916 [0.92]   0.839 [0.82]   0.922 [0.92]   0.981 [0.98]   1.000 [1.00]   0.926 [0.92]   0.949 [0.95]   0.962 [0.96]   0.885 [0.88]   0.930 [0.93]   0.931 [0.93]   0.850 [0.84]   0.860 [0.85]   0.863 [0.85]
    impulsiveness_   0.754 [0.74]   0.810 [0.80]   0.981 [0.98]   0.962 [0.96]   0.679 [0.66]   0.963 [0.96]   0.964 [0.96]   0.926 [0.92]   1.000 [1.00]   0.993 [0.99]   0.975 [0.97]   0.870 [0.86]   0.841 [0.83]   0.800 [0.79]   0.757 [0.74]   0.745 [0.73]   0.733 [0.72]
    impulsiveness_   0.769 [0.76]   0.828 [0.82]   0.953 [0.95]   0.942 [0.94]   0.709 [0.69]   0.945 [0.94]   0.968 [0.97]   0.949 [0.95]   0.993 [0.99]   1.000 [1.00]   0.994 [0.99]   0.856 [0.85]   0.846 [0.84]   0.820 [0.81]   0.760 [0.75]   0.756 [0.74]   0.750 [0.73]
    impulsiveness_   0.780 [0.77]   0.839 [0.83]   0.919 [0.92]   0.916 [0.91]   0.732 [0.71]   0.920 [0.92]   0.961 [0.96]   0.962 [0.96]   0.975 [0.97]   0.994 [0.99]   1.000 [1.00]   0.836 [0.83]   0.846 [0.84]   0.835 [0.83]   0.759 [0.75]   0.761 [0.75]   0.760 [0.75]
    impulsiveness_   0.855 [0.85]   0.902 [0.90]   0.875 [0.87]   0.942 [0.94]   0.771 [0.76]   0.942 [0.94]   0.929 [0.93]   0.885 [0.88]   0.870 [0.86]   0.856 [0.85]   0.836 [0.83]   1.000 [1.00]   0.944 [0.94]   0.887 [0.88]   0.897 [0.89]   0.872 [0.87]   0.852 [0.85]
    impulsiveness_   0.925 [0.92]   0.987 [0.99]   0.815 [0.80]   0.906 [0.90]   0.883 [0.87]   0.910 [0.91]   0.937 [0.93]   0.930 [0.93]   0.841 [0.83]   0.846 [0.84]   0.846 [0.84]   0.944 [0.94]   1.000 [1.00]   0.979 [0.98]   0.936 [0.93]   0.936 [0.93]   0.931 [0.93]
    impulsiveness_   0.934 [0.93]   0.999 [1.00]   0.748 [0.74]   0.840 [0.84]   0.932 [0.92]   0.845 [0.84]   0.905 [0.90]   0.931 [0.93]   0.800 [0.79]   0.820 [0.81]   0.835 [0.83]   0.887 [0.88]   0.979 [0.98]   1.000 [1.00]   0.914 [0.91]   0.933 [0.93]   0.943 [0.94]
    impulsiveness_   0.859 [0.86]   0.922 [0.92]   0.734 [0.72]   0.837 [0.83]   0.909 [0.90]   0.840 [0.83]   0.860 [0.85]   0.850 [0.84]   0.757 [0.74]   0.760 [0.75]   0.759 [0.75]   0.897 [0.89]   0.936 [0.93]   0.914 [0.91]   1.000 [1.00]   0.993 [0.99]   0.980 [0.98]
    impulsiveness_   0.874 [0.87]   0.937 [0.93]   0.707 [0.69]   0.811 [0.80]   0.948 [0.94]   0.815 [0.81]   0.853 [0.85]   0.860 [0.85]   0.745 [0.73]   0.756 [0.74]   0.761 [0.75]   0.872 [0.87]   0.936 [0.93]   0.933 [0.93]   0.993 [0.99]   1.000 [1.00]   0.996 [1.00]
    impulsiveness_   0.880 [0.87]   0.944 [0.94]   0.686 [0.67]   0.790 [0.78]   0.969 [0.96]   0.795 [0.79]   0.845 [0.84]   0.863 [0.85]   0.733 [0.72]   0.750 [0.73]   0.760 [0.75]   0.852 [0.85]   0.931 [0.93]   0.943 [0.94]   0.980 [0.98]   0.996 [1.00]   1.000 [1.00]

  risk_taking
                     impulsivenes   impulsivenes   impulsivenes   impulsivenes   impulsivenes   impulsivenes   impulsivenes   impulsivenes   impulsivenes   impulsivenes   impulsivenes   impulsivenes   impulsivenes   impulsivenes   impulsivenes   impulsivenes   impulsivenes
    impulsiveness    1.000 [1.00]   0.967 [0.97]   0.795 [0.78]   0.869 [0.86]   0.941 [0.93]   0.872 [0.87]   0.902 [0.90]   0.919 [0.91]   0.816 [0.80]   0.826 [0.82]   0.839 [0.83]   0.874 [0.87]   0.955 [0.95]   0.969 [0.97]   0.919 [0.91]   0.928 [0.92]   0.933 [0.93]
    impulsiveness_   0.967 [0.97]   1.000 [1.00]   0.846 [0.83]   0.920 [0.91]   0.952 [0.95]   0.923 [0.92]   0.944 [0.94]   0.952 [0.95]   0.861 [0.85]   0.868 [0.86]   0.877 [0.87]   0.933 [0.93]   0.995 [0.99]   1.000 [1.00]   0.958 [0.95]   0.957 [0.95]   0.957 [0.95]
    impulsiveness_   0.795 [0.78]   0.846 [0.83]   1.000 [1.00]   0.978 [0.98]   0.740 [0.72]   0.977 [0.97]   0.947 [0.94]   0.904 [0.90]   0.984 [0.98]   0.964 [0.96]   0.942 [0.94]   0.921 [0.91]   0.874 [0.86]   0.838 [0.82]   0.807 [0.79]   0.782 [0.76]   0.769 [0.75]
    impulsiveness_   0.869 [0.86]   0.920 [0.91]   0.978 [0.98]   1.000 [1.00]   0.821 [0.81]   1.000 [1.00]   0.982 [0.98]   0.950 [0.95]   0.970 [0.97]   0.957 [0.95]   0.944 [0.94]   0.964 [0.96]   0.945 [0.94]   0.913 [0.91]   0.885 [0.88]   0.861 [0.85]   0.850 [0.84]
    impulsiveness_   0.941 [0.93]   0.952 [0.95]   0.740 [0.72]   0.821 [0.81]   1.000 [1.00]   0.824 [0.81]   0.851 [0.84]   0.875 [0.86]   0.755 [0.73]   0.765 [0.75]   0.781 [0.76]   0.839 [0.83]   0.933 [0.93]   0.955 [0.95]   0.962 [0.96]   0.982 [0.98]   0.990 [0.99]
    impulsiveness_   0.872 [0.87]   0.923 [0.92]   0.977 [0.97]   1.000 [1.00]   0.824 [0.81]   1.000 [1.00]   0.985 [0.98]   0.954 [0.95]   0.971 [0.97]   0.960 [0.96]   0.947 [0.94]   0.964 [0.96]   0.946 [0.94]   0.916 [0.91]   0.886 [0.88]   0.863 [0.85]   0.852 [0.84]
    impulsiveness_   0.902 [0.90]   0.944 [0.94]   0.947 [0.94]   0.982 [0.98]   0.851 [0.84]   0.985 [0.98]   1.000 [1.00]   0.990 [0.99]   0.970 [0.97]   0.974 [0.97]   0.973 [0.97]   0.951 [0.95]   0.955 [0.95]   0.940 [0.93]   0.890 [0.88]   0.874 [0.87]   0.867 [0.86]
    impulsiveness_   0.919 [0.91]   0.952 [0.95]   0.904 [0.90]   0.950 [0.95]   0.875 [0.86]   0.954 [0.95]   0.990 [0.99]   1.000 [1.00]   0.943 [0.94]   0.958 [0.96]   0.970 [0.97]   0.923 [0.92]   0.951 [0.95]   0.951 [0.95]   0.889 [0.88]   0.880 [0.87]   0.878 [0.87]
    impulsiveness_   0.816 [0.80]   0.861 [0.85]   0.984 [0.98]   0.970 [0.97]   0.755 [0.73]   0.971 [0.97]   0.970 [0.97]   0.943 [0.94]   1.000 [1.00]   0.995 [1.00]   0.983 [0.98]   0.917 [0.91]   0.881 [0.87]   0.855 [0.84]   0.809 [0.79]   0.786 [0.77]   0.776 [0.76]
    impulsiveness_   0.826 [0.82]   0.868 [0.86]   0.964 [0.96]   0.957 [0.95]   0.765 [0.75]   0.960 [0.96]   0.974 [0.97]   0.958 [0.96]   0.995 [1.00]   1.000 [1.00]   0.995 [1.00]   0.906 [0.90]   0.882 [0.87]   0.863 [0.85]   0.809 [0.80]   0.789 [0.78]   0.781 [0.77]
    impulsiveness_   0.839 [0.83]   0.877 [0.87]   0.942 [0.94]   0.944 [0.94]   0.781 [0.76]   0.947 [0.94]   0.973 [0.97]   0.970 [0.97]   0.983 [0.98]   0.995 [1.00]   1.000 [1.00]   0.895 [0.89]   0.885 [0.88]   0.874 [0.86]   0.814 [0.80]   0.798 [0.78]   0.792 [0.78]
    impulsiveness_   0.874 [0.87]   0.933 [0.93]   0.921 [0.91]   0.964 [0.96]   0.839 [0.83]   0.964 [0.96]   0.951 [0.95]   0.923 [0.92]   0.917 [0.91]   0.906 [0.90]   0.895 [0.89]   1.000 [1.00]   0.954 [0.95]   0.926 [0.92]   0.904 [0.90]   0.879 [0.87]   0.867 [0.86]
    impulsiveness_   0.955 [0.95]   0.995 [0.99]   0.874 [0.86]   0.945 [0.94]   0.933 [0.93]   0.946 [0.94]   0.955 [0.95]   0.951 [0.95]   0.881 [0.87]   0.882 [0.87]   0.885 [0.88]   0.954 [0.95]   1.000 [1.00]   0.992 [0.99]   0.960 [0.96]   0.953 [0.95]   0.948 [0.95]
    impulsiveness_   0.969 [0.97]   1.000 [1.00]   0.838 [0.82]   0.913 [0.91]   0.955 [0.95]   0.916 [0.91]   0.940 [0.93]   0.951 [0.95]   0.855 [0.84]   0.863 [0.85]   0.874 [0.86]   0.926 [0.92]   0.992 [0.99]   1.000 [1.00]   0.955 [0.95]   0.956 [0.95]   0.957 [0.95]
    impulsiveness_   0.919 [0.91]   0.958 [0.95]   0.807 [0.79]   0.885 [0.88]   0.962 [0.96]   0.886 [0.88]   0.890 [0.88]   0.889 [0.88]   0.809 [0.79]   0.809 [0.80]   0.814 [0.80]   0.904 [0.90]   0.960 [0.96]   0.955 [0.95]   1.000 [1.00]   0.994 [0.99]   0.988 [0.99]
    impulsiveness_   0.928 [0.92]   0.957 [0.95]   0.782 [0.76]   0.861 [0.85]   0.982 [0.98]   0.863 [0.85]   0.874 [0.87]   0.880 [0.87]   0.786 [0.77]   0.789 [0.78]   0.798 [0.78]   0.879 [0.87]   0.953 [0.95]   0.956 [0.95]   0.994 [0.99]   1.000 [1.00]   0.998 [1.00]
    impulsiveness_   0.933 [0.93]   0.957 [0.95]   0.769 [0.75]   0.850 [0.84]   0.990 [0.99]   0.852 [0.84]   0.867 [0.86]   0.878 [0.87]   0.776 [0.76]   0.781 [0.77]   0.792 [0.78]   0.867 [0.86]   0.948 [0.95]   0.957 [0.95]   0.988 [0.99]   0.998 [1.00]   1.000 [1.00]

  honesty
                     impulsivenes   impulsivenes   impulsivenes   impulsivenes   impulsivenes   impulsivenes   impulsivenes   impulsivenes   impulsivenes   impulsivenes   impulsivenes   impulsivenes   impulsivenes   impulsivenes   impulsivenes   impulsivenes   impulsivenes
    impulsiveness    1.000 [1.00]   0.944 [0.94]   0.743 [0.73]   0.846 [0.84]   0.895 [0.88]   0.849 [0.84]   0.875 [0.87]   0.877 [0.87]   0.768 [0.75]   0.773 [0.76]   0.777 [0.76]   0.889 [0.88]   0.938 [0.94]   0.943 [0.94]   0.864 [0.86]   0.870 [0.87]   0.877 [0.87]
    impulsiveness_   0.944 [0.94]   1.000 [1.00]   0.759 [0.75]   0.889 [0.88]   0.955 [0.94]   0.893 [0.89]   0.927 [0.92]   0.934 [0.93]   0.792 [0.78]   0.799 [0.79]   0.804 [0.79]   0.933 [0.93]   0.993 [0.99]   0.999 [1.00]   0.919 [0.92]   0.929 [0.93]   0.939 [0.94]
    impulsiveness_   0.743 [0.73]   0.759 [0.75]   1.000 [1.00]   0.952 [0.95]   0.656 [0.63]   0.950 [0.95]   0.910 [0.91]   0.858 [0.85]   0.982 [0.98]   0.960 [0.96]   0.931 [0.93]   0.850 [0.84]   0.789 [0.78]   0.750 [0.74]   0.686 [0.67]   0.676 [0.66]   0.671 [0.65]
    impulsiveness_   0.846 [0.84]   0.889 [0.88]   0.952 [0.95]   1.000 [1.00]   0.811 [0.79]   1.000 [1.00]   0.977 [0.98]   0.936 [0.93]   0.948 [0.95]   0.931 [0.93]   0.910 [0.91]   0.939 [0.93]   0.918 [0.91]   0.880 [0.87]   0.845 [0.83]   0.840 [0.83]   0.835 [0.82]
    impulsiveness_   0.895 [0.88]   0.955 [0.94]   0.656 [0.63]   0.811 [0.79]   1.000 [1.00]   0.817 [0.79]   0.867 [0.85]   0.889 [0.87]   0.702 [0.67]   0.716 [0.69]   0.727 [0.70]   0.868 [0.85]   0.940 [0.93]   0.956 [0.95]   0.945 [0.94]   0.964 [0.96]   0.978 [0.97]
    impulsiveness_   0.849 [0.84]   0.893 [0.89]   0.950 [0.95]   1.000 [1.00]   0.817 [0.79]   1.000 [1.00]   0.980 [0.98]   0.941 [0.94]   0.948 [0.95]   0.932 [0.93]   0.912 [0.91]   0.939 [0.93]   0.921 [0.92]   0.885 [0.88]   0.848 [0.84]   0.844 [0.83]   0.839 [0.83]
    impulsiveness_   0.875 [0.87]   0.927 [0.92]   0.910 [0.91]   0.977 [0.98]   0.867 [0.85]   0.980 [0.98]   1.000 [1.00]   0.987 [0.99]   0.941 [0.94]   0.943 [0.94]   0.938 [0.94]   0.927 [0.92]   0.937 [0.93]   0.923 [0.92]   0.861 [0.85]   0.865 [0.85]   0.868 [0.86]
    impulsiveness_   0.877 [0.87]   0.934 [0.93]   0.858 [0.85]   0.936 [0.93]   0.889 [0.87]   0.941 [0.94]   0.987 [0.99]   1.000 [1.00]   0.911 [0.91]   0.927 [0.92]   0.936 [0.93]   0.899 [0.89]   0.928 [0.92]   0.934 [0.93]   0.848 [0.84]   0.860 [0.85]   0.870 [0.86]
    impulsiveness_   0.768 [0.75]   0.792 [0.78]   0.982 [0.98]   0.948 [0.95]   0.702 [0.67]   0.948 [0.95]   0.941 [0.94]   0.911 [0.91]   1.000 [1.00]   0.994 [0.99]   0.978 [0.98]   0.849 [0.84]   0.810 [0.80]   0.787 [0.78]   0.705 [0.69]   0.702 [0.69]   0.702 [0.68]
    impulsiveness_   0.773 [0.76]   0.799 [0.79]   0.960 [0.96]   0.931 [0.93]   0.716 [0.69]   0.932 [0.93]   0.943 [0.94]   0.927 [0.92]   0.994 [0.99]   1.000 [1.00]   0.994 [0.99]   0.836 [0.83]   0.809 [0.80]   0.796 [0.78]   0.703 [0.69]   0.704 [0.69]   0.706 [0.69]
    impulsiveness_   0.777 [0.76]   0.804 [0.79]   0.931 [0.93]   0.910 [0.91]   0.727 [0.70]   0.912 [0.91]   0.938 [0.94]   0.936 [0.93]   0.978 [0.98]   0.994 [0.99]   1.000 [1.00]   0.821 [0.81]   0.806 [0.80]   0.802 [0.79]   0.697 [0.68]   0.702 [0.69]   0.708 [0.69]
    impulsiveness_   0.889 [0.88]   0.933 [0.93]   0.850 [0.84]   0.939 [0.93]   0.868 [0.85]   0.939 [0.93]   0.927 [0.92]   0.899 [0.89]   0.849 [0.84]   0.836 [0.83]   0.821 [0.81]   1.000 [1.00]   0.952 [0.95]   0.927 [0.92]   0.886 [0.88]   0.880 [0.87]   0.880 [0.87]
    impulsiveness_   0.938 [0.94]   0.993 [0.99]   0.789 [0.78]   0.918 [0.91]   0.940 [0.93]   0.921 [0.92]   0.937 [0.93]   0.928 [0.92]   0.810 [0.80]   0.809 [0.80]   0.806 [0.80]   0.952 [0.95]   1.000 [1.00]   0.988 [0.99]   0.935 [0.93]   0.939 [0.94]   0.943 [0.94]
    impulsiveness_   0.943 [0.94]   0.999 [1.00]   0.750 [0.74]   0.880 [0.87]   0.956 [0.95]   0.885 [0.88]   0.923 [0.92]   0.934 [0.93]   0.787 [0.78]   0.796 [0.78]   0.802 [0.79]   0.927 [0.92]   0.988 [0.99]   1.000 [1.00]   0.911 [0.91]   0.923 [0.92]   0.934 [0.93]
    impulsiveness_   0.864 [0.86]   0.919 [0.92]   0.686 [0.67]   0.845 [0.83]   0.945 [0.94]   0.848 [0.84]   0.861 [0.85]   0.848 [0.84]   0.705 [0.69]   0.703 [0.69]   0.697 [0.68]   0.886 [0.88]   0.935 [0.93]   0.911 [0.91]   1.000 [1.00]   0.996 [1.00]   0.989 [0.99]
    impulsiveness_   0.870 [0.87]   0.929 [0.93]   0.676 [0.66]   0.840 [0.83]   0.964 [0.96]   0.844 [0.83]   0.865 [0.85]   0.860 [0.85]   0.702 [0.69]   0.704 [0.69]   0.702 [0.69]   0.880 [0.87]   0.939 [0.94]   0.923 [0.92]   0.996 [1.00]   1.000 [1.00]   0.998 [1.00]
    impulsiveness_   0.877 [0.87]   0.939 [0.94]   0.671 [0.65]   0.835 [0.82]   0.978 [0.97]   0.839 [0.83]   0.868 [0.86]   0.870 [0.86]   0.702 [0.68]   0.706 [0.69]   0.708 [0.69]   0.880 [0.87]   0.943 [0.94]   0.934 [0.93]   0.989 [0.99]   0.998 [1.00]   1.000 [1.00]

  confidence
                     impulsivenes   impulsivenes   impulsivenes   impulsivenes   impulsivenes   impulsivenes   impulsivenes   impulsivenes   impulsivenes   impulsivenes   impulsivenes   impulsivenes   impulsivenes   impulsivenes   impulsivenes   impulsivenes   impulsivenes
    impulsiveness    1.000 [1.00]   0.921 [0.92]   0.701 [0.69]   0.793 [0.79]   0.878 [0.87]   0.798 [0.80]   0.842 [0.84]   0.859 [0.86]   0.746 [0.74]   0.763 [0.76]   0.775 [0.77]   0.820 [0.82]   0.902 [0.90]   0.923 [0.92]   0.840 [0.84]   0.860 [0.86]   0.871 [0.87]
    impulsiveness_   0.921 [0.92]   1.000 [1.00]   0.788 [0.78]   0.892 [0.89]   0.928 [0.92]   0.896 [0.89]   0.926 [0.92]   0.932 [0.93]   0.823 [0.81]   0.835 [0.83]   0.840 [0.83]   0.916 [0.91]   0.993 [0.99]   0.999 [1.00]   0.915 [0.91]   0.928 [0.92]   0.935 [0.93]
    impulsiveness_   0.701 [0.69]   0.788 [0.78]   1.000 [1.00]   0.968 [0.97]   0.694 [0.67]   0.967 [0.97]   0.931 [0.93]   0.885 [0.88]   0.982 [0.98]   0.957 [0.96]   0.927 [0.92]   0.860 [0.86]   0.817 [0.81]   0.780 [0.77]   0.730 [0.72]   0.724 [0.71]   0.719 [0.70]
    impulsiveness_   0.793 [0.79]   0.892 [0.89]   0.968 [0.97]   1.000 [1.00]   0.795 [0.78]   1.000 [1.00]   0.979 [0.98]   0.942 [0.94]   0.963 [0.96]   0.948 [0.95]   0.927 [0.92]   0.933 [0.93]   0.919 [0.92]   0.884 [0.88]   0.839 [0.83]   0.833 [0.83]   0.828 [0.82]
    impulsiveness_   0.878 [0.87]   0.928 [0.92]   0.694 [0.67]   0.795 [0.78]   1.000 [1.00]   0.798 [0.78]   0.829 [0.82]   0.848 [0.83]   0.728 [0.71]   0.742 [0.72]   0.756 [0.74]   0.829 [0.82]   0.907 [0.90]   0.932 [0.93]   0.930 [0.92]   0.955 [0.95]   0.971 [0.97]
    impulsiveness_   0.798 [0.80]   0.896 [0.89]   0.967 [0.97]   1.000 [1.00]   0.798 [0.78]   1.000 [1.00]   0.982 [0.98]   0.946 [0.94]   0.965 [0.96]   0.950 [0.95]   0.930 [0.93]   0.933 [0.93]   0.922 [0.92]   0.887 [0.88]   0.840 [0.83]   0.835 [0.83]   0.830 [0.82]
    impulsiveness_   0.842 [0.84]   0.926 [0.92]   0.931 [0.93]   0.979 [0.98]   0.829 [0.82]   0.982 [0.98]   1.000 [1.00]   0.988 [0.99]   0.962 [0.96]   0.966 [0.96]   0.961 [0.96]   0.918 [0.91]   0.937 [0.93]   0.921 [0.92]   0.845 [0.84]   0.848 [0.84]   0.848 [0.84]
    impulsiveness_   0.859 [0.86]   0.932 [0.93]   0.885 [0.88]   0.942 [0.94]   0.848 [0.83]   0.946 [0.94]   0.988 [0.99]   1.000 [1.00]   0.936 [0.93]   0.954 [0.95]   0.964 [0.96]   0.886 [0.88]   0.929 [0.93]   0.931 [0.93]   0.835 [0.83]   0.846 [0.84]   0.851 [0.84]
    impulsiveness_   0.746 [0.74]   0.823 [0.81]   0.982 [0.98]   0.963 [0.96]   0.728 [0.71]   0.965 [0.96]   0.962 [0.96]   0.936 [0.93]   1.000 [1.00]   0.994 [0.99]   0.976 [0.98]   0.859 [0.85]   0.841 [0.83]   0.818 [0.81]   0.746 [0.73]   0.746 [0.73]   0.743 [0.73]
    impulsiveness_   0.763 [0.76]   0.835 [0.83]   0.957 [0.96]   0.948 [0.95]   0.742 [0.72]   0.950 [0.95]   0.966 [0.96]   0.954 [0.95]   0.994 [0.99]   1.000 [1.00]   0.994 [0.99]   0.847 [0.84]   0.845 [0.84]   0.831 [0.82]   0.748 [0.74]   0.751 [0.74]   0.751 [0.74]
    impulsiveness_   0.775 [0.77]   0.840 [0.83]   0.927 [0.92]   0.927 [0.92]   0.756 [0.74]   0.930 [0.93]   0.961 [0.96]   0.964 [0.96]   0.976 [0.98]   0.994 [0.99]   1.000 [1.00]   0.831 [0.83]   0.843 [0.84]   0.838 [0.83]   0.748 [0.74]   0.755 [0.74]   0.757 [0.74]
    impulsiveness_   0.820 [0.82]   0.916 [0.91]   0.860 [0.86]   0.933 [0.93]   0.829 [0.82]   0.933 [0.93]   0.918 [0.91]   0.886 [0.88]   0.859 [0.85]   0.847 [0.84]   0.831 [0.83]   1.000 [1.00]   0.942 [0.94]   0.908 [0.90]   0.894 [0.89]   0.882 [0.88]   0.874 [0.87]
    impulsiveness_   0.902 [0.90]   0.993 [0.99]   0.817 [0.81]   0.919 [0.92]   0.907 [0.90]   0.922 [0.92]   0.937 [0.93]   0.929 [0.93]   0.841 [0.83]   0.845 [0.84]   0.843 [0.84]   0.942 [0.94]   1.000 [1.00]   0.988 [0.99]   0.925 [0.92]   0.930 [0.93]   0.932 [0.93]
    impulsiveness_   0.923 [0.92]   0.999 [1.00]   0.780 [0.77]   0.884 [0.88]   0.932 [0.93]   0.887 [0.88]   0.921 [0.92]   0.931 [0.93]   0.818 [0.81]   0.831 [0.82]   0.838 [0.83]   0.908 [0.90]   0.988 [0.99]   1.000 [1.00]   0.910 [0.91]   0.925 [0.92]   0.934 [0.93]
    impulsiveness_   0.840 [0.84]   0.915 [0.91]   0.730 [0.72]   0.839 [0.83]   0.930 [0.92]   0.840 [0.83]   0.845 [0.84]   0.835 [0.83]   0.746 [0.73]   0.748 [0.74]   0.748 [0.74]   0.894 [0.89]   0.925 [0.92]   0.910 [0.91]   1.000 [1.00]   0.994 [0.99]   0.984 [0.98]
    impulsiveness_   0.860 [0.86]   0.928 [0.92]   0.724 [0.71]   0.833 [0.83]   0.955 [0.95]   0.835 [0.83]   0.848 [0.84]   0.846 [0.84]   0.746 [0.73]   0.751 [0.74]   0.755 [0.74]   0.882 [0.88]   0.930 [0.93]   0.925 [0.92]   0.994 [0.99]   1.000 [1.00]   0.997 [1.00]
    impulsiveness_   0.871 [0.87]   0.935 [0.93]   0.719 [0.70]   0.828 [0.82]   0.971 [0.97]   0.830 [0.82]   0.848 [0.84]   0.851 [0.84]   0.743 [0.73]   0.751 [0.74]   0.757 [0.74]   0.874 [0.87]   0.932 [0.93]   0.934 [0.93]   0.984 [0.98]   0.997 [1.00]   1.000 [1.00]

  deference
                     impulsivenes   impulsivenes   impulsivenes   impulsivenes   impulsivenes   impulsivenes   impulsivenes   impulsivenes   impulsivenes   impulsivenes   impulsivenes   impulsivenes   impulsivenes   impulsivenes   impulsivenes   impulsivenes   impulsivenes
    impulsiveness    1.000 [1.00]   0.923 [0.92]   0.705 [0.69]   0.804 [0.80]   0.844 [0.84]   0.809 [0.80]   0.851 [0.85]   0.864 [0.86]   0.751 [0.74]   0.770 [0.76]   0.785 [0.77]   0.844 [0.84]   0.913 [0.91]   0.923 [0.92]   0.851 [0.85]   0.863 [0.86]   0.869 [0.87]
    impulsiveness_   0.923 [0.92]   1.000 [1.00]   0.784 [0.77]   0.889 [0.88]   0.919 [0.91]   0.894 [0.89]   0.924 [0.92]   0.925 [0.92]   0.823 [0.81]   0.835 [0.82]   0.841 [0.83]   0.917 [0.91]   0.991 [0.99]   0.999 [1.00]   0.919 [0.91]   0.932 [0.93]   0.940 [0.94]
    impulsiveness_   0.705 [0.69]   0.784 [0.77]   1.000 [1.00]   0.964 [0.96]   0.674 [0.64]   0.962 [0.96]   0.918 [0.92]   0.859 [0.85]   0.977 [0.98]   0.947 [0.95]   0.910 [0.91]   0.872 [0.86]   0.815 [0.80]   0.774 [0.76]   0.725 [0.70]   0.714 [0.69]   0.705 [0.68]
    impulsiveness_   0.804 [0.80]   0.889 [0.88]   0.964 [0.96]   1.000 [1.00]   0.775 [0.75]   1.000 [1.00]   0.972 [0.97]   0.923 [0.92]   0.957 [0.95]   0.938 [0.94]   0.913 [0.91]   0.941 [0.94]   0.920 [0.91]   0.879 [0.87]   0.847 [0.83]   0.836 [0.82]   0.826 [0.81]
    impulsiveness_   0.844 [0.84]   0.919 [0.91]   0.674 [0.64]   0.775 [0.75]   1.000 [1.00]   0.780 [0.76]   0.822 [0.80]   0.837 [0.82]   0.724 [0.69]   0.743 [0.71]   0.754 [0.72]   0.802 [0.79]   0.890 [0.88]   0.925 [0.92]   0.894 [0.89]   0.928 [0.92]   0.953 [0.95]
    impulsiveness_   0.809 [0.80]   0.894 [0.89]   0.962 [0.96]   1.000 [1.00]   0.780 [0.76]   1.000 [1.00]   0.976 [0.98]   0.930 [0.93]   0.958 [0.96]   0.941 [0.94]   0.918 [0.92]   0.942 [0.94]   0.923 [0.92]   0.884 [0.87]   0.849 [0.84]   0.839 [0.83]   0.829 [0.82]
    impulsiveness_   0.851 [0.85]   0.924 [0.92]   0.918 [0.92]   0.972 [0.97]   0.822 [0.80]   0.976 [0.98]   1.000 [1.00]   0.985 [0.98]   0.958 [0.96]   0.964 [0.96]   0.959 [0.96]   0.926 [0.92]   0.933 [0.93]   0.919 [0.91]   0.849 [0.84]   0.851 [0.84]   0.850 [0.84]
    impulsiveness_   0.864 [0.86]   0.925 [0.92]   0.859 [0.85]   0.923 [0.92]   0.837 [0.82]   0.930 [0.93]   0.985 [0.98]   1.000 [1.00]   0.925 [0.92]   0.948 [0.94]   0.961 [0.96]   0.888 [0.88]   0.917 [0.91]   0.924 [0.92]   0.829 [0.82]   0.839 [0.83]   0.845 [0.84]
    impulsiveness_   0.751 [0.74]   0.823 [0.81]   0.977 [0.98]   0.957 [0.95]   0.724 [0.69]   0.958 [0.96]   0.958 [0.96]   0.925 [0.92]   1.000 [1.00]   0.993 [0.99]   0.972 [0.97]   0.873 [0.86]   0.838 [0.82]   0.817 [0.80]   0.743 [0.72]   0.742 [0.72]   0.740 [0.72]
    impulsiveness_   0.770 [0.76]   0.835 [0.82]   0.947 [0.95]   0.938 [0.94]   0.743 [0.71]   0.941 [0.94]   0.964 [0.96]   0.948 [0.94]   0.993 [0.99]   1.000 [1.00]   0.993 [0.99]   0.861 [0.85]   0.841 [0.83]   0.832 [0.82]   0.744 [0.72]   0.748 [0.73]   0.750 [0.73]
    impulsiveness_   0.785 [0.77]   0.841 [0.83]   0.910 [0.91]   0.913 [0.91]   0.754 [0.72]   0.918 [0.92]   0.959 [0.96]   0.961 [0.96]   0.972 [0.97]   0.993 [0.99]   1.000 [1.00]   0.842 [0.83]   0.838 [0.83]   0.839 [0.82]   0.740 [0.72]   0.749 [0.73]   0.754 [0.73]
    impulsiveness_   0.844 [0.84]   0.917 [0.91]   0.872 [0.86]   0.941 [0.94]   0.802 [0.79]   0.942 [0.94]   0.926 [0.92]   0.888 [0.88]   0.873 [0.86]   0.861 [0.85]   0.842 [0.83]   1.000 [1.00]   0.943 [0.94]   0.907 [0.90]   0.885 [0.88]   0.873 [0.87]   0.862 [0.86]
    impulsiveness_   0.913 [0.91]   0.991 [0.99]   0.815 [0.80]   0.920 [0.91]   0.890 [0.88]   0.923 [0.92]   0.933 [0.93]   0.917 [0.91]   0.838 [0.82]   0.841 [0.83]   0.838 [0.83]   0.943 [0.94]   1.000 [1.00]   0.986 [0.98]   0.936 [0.93]   0.939 [0.94]   0.938 [0.93]
    impulsiveness_   0.923 [0.92]   0.999 [1.00]   0.774 [0.76]   0.879 [0.87]   0.925 [0.92]   0.884 [0.87]   0.919 [0.91]   0.924 [0.92]   0.817 [0.80]   0.832 [0.82]   0.839 [0.82]   0.907 [0.90]   0.986 [0.98]   1.000 [1.00]   0.911 [0.91]   0.928 [0.92]   0.938 [0.93]
    impulsiveness_   0.851 [0.85]   0.919 [0.91]   0.725 [0.70]   0.847 [0.83]   0.894 [0.89]   0.849 [0.84]   0.849 [0.84]   0.829 [0.82]   0.743 [0.72]   0.744 [0.72]   0.740 [0.72]   0.885 [0.88]   0.936 [0.93]   0.911 [0.91]   1.000 [1.00]   0.994 [0.99]   0.982 [0.98]
    impulsiveness_   0.863 [0.86]   0.932 [0.93]   0.714 [0.69]   0.836 [0.82]   0.928 [0.92]   0.839 [0.83]   0.851 [0.84]   0.839 [0.83]   0.742 [0.72]   0.748 [0.73]   0.749 [0.73]   0.873 [0.87]   0.939 [0.94]   0.928 [0.92]   0.994 [0.99]   1.000 [1.00]   0.996 [1.00]
    impulsiveness_   0.869 [0.87]   0.940 [0.94]   0.705 [0.68]   0.826 [0.81]   0.953 [0.95]   0.829 [0.82]   0.850 [0.84]   0.845 [0.84]   0.740 [0.72]   0.750 [0.73]   0.754 [0.73]   0.862 [0.86]   0.938 [0.93]   0.938 [0.93]   0.982 [0.98]   0.996 [1.00]   1.000 [1.00]

  warmth
                     impulsivenes   impulsivenes   impulsivenes   impulsivenes   impulsivenes   impulsivenes   impulsivenes   impulsivenes   impulsivenes   impulsivenes   impulsivenes   impulsivenes   impulsivenes   impulsivenes   impulsivenes   impulsivenes   impulsivenes
    impulsiveness    1.000 [1.00]   0.939 [0.94]   0.667 [0.65]   0.763 [0.76]   0.899 [0.88]   0.769 [0.76]   0.826 [0.82]   0.856 [0.85]   0.709 [0.69]   0.727 [0.71]   0.740 [0.73]   0.816 [0.81]   0.915 [0.91]   0.941 [0.94]   0.843 [0.84]   0.874 [0.87]   0.889 [0.88]
    impulsiveness_   0.939 [0.94]   1.000 [1.00]   0.759 [0.74]   0.858 [0.85]   0.929 [0.92]   0.863 [0.86]   0.911 [0.91]   0.929 [0.92]   0.798 [0.78]   0.811 [0.80]   0.819 [0.81]   0.901 [0.90]   0.988 [0.99]   0.999 [1.00]   0.917 [0.91]   0.935 [0.93]   0.941 [0.94]
    impulsiveness_   0.667 [0.65]   0.759 [0.74]   1.000 [1.00]   0.966 [0.96]   0.643 [0.61]   0.965 [0.96]   0.931 [0.93]   0.875 [0.87]   0.982 [0.98]   0.957 [0.96]   0.925 [0.92]   0.857 [0.85]   0.804 [0.79]   0.746 [0.73]   0.758 [0.73]   0.733 [0.70]   0.711 [0.68]
    impulsiveness_   0.763 [0.76]   0.858 [0.85]   0.966 [0.96]   1.000 [1.00]   0.735 [0.71]   1.000 [1.00]   0.977 [0.98]   0.926 [0.92]   0.956 [0.95]   0.938 [0.94]   0.913 [0.91]   0.940 [0.93]   0.905 [0.90]   0.843 [0.84]   0.860 [0.84]   0.833 [0.82]   0.809 [0.79]
    impulsiveness_   0.899 [0.88]   0.929 [0.92]   0.643 [0.61]   0.735 [0.71]   1.000 [1.00]   0.741 [0.72]   0.809 [0.79]   0.853 [0.83]   0.699 [0.66]   0.723 [0.69]   0.740 [0.71]   0.771 [0.76]   0.892 [0.88]   0.937 [0.93]   0.906 [0.90]   0.952 [0.94]   0.975 [0.97]
    impulsiveness_   0.769 [0.76]   0.863 [0.86]   0.965 [0.96]   1.000 [1.00]   0.741 [0.72]   1.000 [1.00]   0.980 [0.98]   0.932 [0.93]   0.958 [0.96]   0.941 [0.94]   0.917 [0.91]   0.941 [0.93]   0.908 [0.90]   0.849 [0.84]   0.862 [0.85]   0.837 [0.82]   0.814 [0.80]
    impulsiveness_   0.826 [0.82]   0.911 [0.91]   0.931 [0.93]   0.977 [0.98]   0.809 [0.79]   0.980 [0.98]   1.000 [1.00]   0.983 [0.98]   0.958 [0.95]   0.960 [0.96]   0.953 [0.95]   0.927 [0.92]   0.933 [0.93]   0.901 [0.90]   0.879 [0.87]   0.872 [0.86]   0.861 [0.85]
    impulsiveness_   0.856 [0.85]   0.929 [0.92]   0.875 [0.87]   0.926 [0.92]   0.853 [0.83]   0.932 [0.93]   0.983 [0.98]   1.000 [1.00]   0.926 [0.92]   0.945 [0.94]   0.955 [0.95]   0.883 [0.88]   0.927 [0.92]   0.926 [0.92]   0.867 [0.85]   0.878 [0.86]   0.879 [0.86]
    impulsiveness_   0.709 [0.69]   0.798 [0.78]   0.982 [0.98]   0.956 [0.95]   0.699 [0.66]   0.958 [0.96]   0.958 [0.95]   0.926 [0.92]   1.000 [1.00]   0.994 [0.99]   0.977 [0.98]   0.851 [0.84]   0.826 [0.81]   0.788 [0.77]   0.780 [0.75]   0.768 [0.74]   0.754 [0.73]
    impulsiveness_   0.727 [0.71]   0.811 [0.80]   0.957 [0.96]   0.938 [0.94]   0.723 [0.69]   0.941 [0.94]   0.960 [0.96]   0.945 [0.94]   0.994 [0.99]   1.000 [1.00]   0.994 [0.99]   0.838 [0.83]   0.829 [0.82]   0.804 [0.79]   0.783 [0.76]   0.779 [0.75]   0.769 [0.74]
    impulsiveness_   0.740 [0.73]   0.819 [0.81]   0.925 [0.92]   0.913 [0.91]   0.740 [0.71]   0.917 [0.91]   0.953 [0.95]   0.955 [0.95]   0.977 [0.98]   0.994 [0.99]   1.000 [1.00]   0.818 [0.81]   0.827 [0.82]   0.814 [0.80]   0.779 [0.76]   0.782 [0.76]   0.777 [0.75]
    impulsiveness_   0.816 [0.81]   0.901 [0.90]   0.857 [0.85]   0.940 [0.93]   0.771 [0.76]   0.941 [0.93]   0.927 [0.92]   0.883 [0.88]   0.851 [0.84]   0.838 [0.83]   0.818 [0.81]   1.000 [1.00]   0.945 [0.94]   0.885 [0.88]   0.905 [0.90]   0.872 [0.86]   0.847 [0.84]
    impulsiveness_   0.915 [0.91]   0.988 [0.99]   0.804 [0.79]   0.905 [0.90]   0.892 [0.88]   0.908 [0.90]   0.933 [0.93]   0.927 [0.92]   0.826 [0.81]   0.829 [0.82]   0.827 [0.82]   0.945 [0.94]   1.000 [1.00]   0.981 [0.98]   0.934 [0.93]   0.935 [0.93]   0.930 [0.93]
    impulsiveness_   0.941 [0.94]   0.999 [1.00]   0.746 [0.73]   0.843 [0.84]   0.937 [0.93]   0.849 [0.84]   0.901 [0.90]   0.926 [0.92]   0.788 [0.77]   0.804 [0.79]   0.814 [0.80]   0.885 [0.88]   0.981 [0.98]   1.000 [1.00]   0.909 [0.90]   0.932 [0.93]   0.942 [0.94]
    impulsiveness_   0.843 [0.84]   0.917 [0.91]   0.758 [0.73]   0.860 [0.84]   0.906 [0.90]   0.862 [0.85]   0.879 [0.87]   0.867 [0.85]   0.780 [0.75]   0.783 [0.76]   0.779 [0.76]   0.905 [0.90]   0.934 [0.93]   0.909 [0.90]   1.000 [1.00]   0.990 [0.99]   0.973 [0.97]
    impulsiveness_   0.874 [0.87]   0.935 [0.93]   0.733 [0.70]   0.833 [0.82]   0.952 [0.94]   0.837 [0.82]   0.872 [0.86]   0.878 [0.86]   0.768 [0.74]   0.779 [0.75]   0.782 [0.76]   0.872 [0.86]   0.935 [0.93]   0.932 [0.93]   0.990 [0.99]   1.000 [1.00]   0.996 [1.00]
    impulsiveness_   0.889 [0.88]   0.941 [0.94]   0.711 [0.68]   0.809 [0.79]   0.975 [0.97]   0.814 [0.80]   0.861 [0.85]   0.879 [0.86]   0.754 [0.73]   0.769 [0.74]   0.777 [0.75]   0.847 [0.84]   0.930 [0.93]   0.942 [0.94]   0.973 [0.97]   0.996 [1.00]   1.000 [1.00]

  impulsivity
                     impulsivenes   impulsivenes   impulsivenes   impulsivenes   impulsivenes   impulsivenes   impulsivenes   impulsivenes   impulsivenes   impulsivenes   impulsivenes   impulsivenes   impulsivenes   impulsivenes   impulsivenes   impulsivenes   impulsivenes
    impulsiveness    1.000 [1.00]   0.969 [0.97]   0.748 [0.74]   0.848 [0.84]   0.963 [0.96]   0.853 [0.85]   0.898 [0.89]   0.922 [0.92]   0.783 [0.77]   0.803 [0.79]   0.822 [0.81]   0.867 [0.86]   0.954 [0.95]   0.971 [0.97]   0.933 [0.93]   0.946 [0.94]   0.954 [0.95]
    impulsiveness_   0.969 [0.97]   1.000 [1.00]   0.808 [0.80]   0.908 [0.90]   0.963 [0.96]   0.912 [0.91]   0.947 [0.94]   0.961 [0.96]   0.839 [0.83]   0.855 [0.85]   0.870 [0.86]   0.928 [0.93]   0.994 [0.99]   1.000 [1.00]   0.962 [0.96]   0.964 [0.96]   0.966 [0.96]
    impulsiveness_   0.748 [0.74]   0.808 [0.80]   1.000 [1.00]   0.969 [0.97]   0.719 [0.70]   0.968 [0.97]   0.926 [0.92]   0.871 [0.87]   0.983 [0.98]   0.960 [0.96]   0.932 [0.93]   0.911 [0.90]   0.845 [0.83]   0.798 [0.79]   0.787 [0.77]   0.763 [0.75]   0.750 [0.73]
    impulsiveness_   0.848 [0.84]   0.908 [0.90]   0.969 [0.97]   1.000 [1.00]   0.827 [0.81]   1.000 [1.00]   0.980 [0.98]   0.943 [0.94]   0.968 [0.97]   0.957 [0.96]   0.944 [0.94]   0.970 [0.97]   0.938 [0.93]   0.899 [0.89]   0.890 [0.88]   0.868 [0.86]   0.857 [0.85]
    impulsiveness_   0.963 [0.96]   0.963 [0.96]   0.719 [0.70]   0.827 [0.81]   1.000 [1.00]   0.831 [0.82]   0.869 [0.86]   0.893 [0.88]   0.744 [0.73]   0.760 [0.74]   0.777 [0.76]   0.852 [0.84]   0.947 [0.94]   0.966 [0.96]   0.963 [0.96]   0.981 [0.98]   0.989 [0.99]
    impulsiveness_   0.853 [0.85]   0.912 [0.91]   0.968 [0.97]   1.000 [1.00]   0.831 [0.82]   1.000 [1.00]   0.983 [0.98]   0.947 [0.95]   0.968 [0.97]   0.960 [0.96]   0.947 [0.94]   0.970 [0.97]   0.941 [0.94]   0.903 [0.90]   0.892 [0.88]   0.871 [0.86]   0.860 [0.85]
    impulsiveness_   0.898 [0.89]   0.947 [0.94]   0.926 [0.92]   0.980 [0.98]   0.869 [0.86]   0.983 [0.98]   1.000 [1.00]   0.989 [0.99]   0.957 [0.95]   0.966 [0.96]   0.969 [0.97]   0.958 [0.95]   0.962 [0.96]   0.942 [0.94]   0.904 [0.90]   0.890 [0.88]   0.885 [0.88]
    impulsiveness_   0.922 [0.92]   0.961 [0.96]   0.871 [0.87]   0.943 [0.94]   0.893 [0.88]   0.947 [0.95]   0.989 [0.99]   1.000 [1.00]   0.919 [0.92]   0.941 [0.94]   0.958 [0.96]   0.928 [0.92]   0.963 [0.96]   0.959 [0.96]   0.902 [0.90]   0.897 [0.89]   0.896 [0.89]
    impulsiveness_   0.783 [0.77]   0.839 [0.83]   0.983 [0.98]   0.968 [0.97]   0.744 [0.73]   0.968 [0.97]   0.957 [0.95]   0.919 [0.92]   1.000 [1.00]   0.994 [0.99]   0.979 [0.98]   0.913 [0.90]   0.868 [0.86]   0.831 [0.82]   0.798 [0.78]   0.777 [0.76]   0.768 [0.75]
    impulsiveness_   0.803 [0.79]   0.855 [0.85]   0.960 [0.96]   0.957 [0.96]   0.760 [0.74]   0.960 [0.96]   0.966 [0.96]   0.941 [0.94]   0.994 [0.99]   1.000 [1.00]   0.995 [0.99]   0.907 [0.90]   0.877 [0.87]   0.849 [0.84]   0.803 [0.79]   0.785 [0.77]   0.778 [0.76]
    impulsiveness_   0.822 [0.81]   0.870 [0.86]   0.932 [0.93]   0.944 [0.94]   0.777 [0.76]   0.947 [0.94]   0.969 [0.97]   0.958 [0.96]   0.979 [0.98]   0.995 [0.99]   1.000 [1.00]   0.897 [0.89]   0.885 [0.88]   0.865 [0.86]   0.809 [0.80]   0.795 [0.78]   0.790 [0.78]
    impulsiveness_   0.867 [0.86]   0.928 [0.93]   0.911 [0.90]   0.970 [0.97]   0.852 [0.84]   0.970 [0.97]   0.958 [0.95]   0.928 [0.92]   0.913 [0.90]   0.907 [0.90]   0.897 [0.89]   1.000 [1.00]   0.955 [0.95]   0.920 [0.92]   0.916 [0.91]   0.892 [0.89]   0.882 [0.88]
    impulsiveness_   0.954 [0.95]   0.994 [0.99]   0.845 [0.83]   0.938 [0.93]   0.947 [0.94]   0.941 [0.94]   0.962 [0.96]   0.963 [0.96]   0.868 [0.86]   0.877 [0.87]   0.885 [0.88]   0.955 [0.95]   1.000 [1.00]   0.991 [0.99]   0.968 [0.97]   0.963 [0.96]   0.960 [0.96]
    impulsiveness_   0.971 [0.97]   1.000 [1.00]   0.798 [0.79]   0.899 [0.89]   0.966 [0.96]   0.903 [0.90]   0.942 [0.94]   0.959 [0.96]   0.831 [0.82]   0.849 [0.84]   0.865 [0.86]   0.920 [0.92]   0.991 [0.99]   1.000 [1.00]   0.959 [0.96]   0.962 [0.96]   0.965 [0.96]
    impulsiveness_   0.933 [0.93]   0.962 [0.96]   0.787 [0.77]   0.890 [0.88]   0.963 [0.96]   0.892 [0.88]   0.904 [0.90]   0.902 [0.90]   0.798 [0.78]   0.803 [0.79]   0.809 [0.80]   0.916 [0.91]   0.968 [0.97]   0.959 [0.96]   1.000 [1.00]   0.995 [1.00]   0.989 [0.99]
    impulsiveness_   0.946 [0.94]   0.964 [0.96]   0.763 [0.75]   0.868 [0.86]   0.981 [0.98]   0.871 [0.86]   0.890 [0.88]   0.897 [0.89]   0.777 [0.76]   0.785 [0.77]   0.795 [0.78]   0.892 [0.89]   0.963 [0.96]   0.962 [0.96]   0.995 [1.00]   1.000 [1.00]   0.999 [1.00]
    impulsiveness_   0.954 [0.95]   0.966 [0.96]   0.750 [0.73]   0.857 [0.85]   0.989 [0.99]   0.860 [0.85]   0.885 [0.88]   0.896 [0.89]   0.768 [0.75]   0.778 [0.76]   0.790 [0.78]   0.882 [0.88]   0.960 [0.96]   0.965 [0.96]   0.989 [0.99]   0.999 [1.00]   1.000 [1.00]

  MEAN over traits
                     impulsivenes   impulsivenes   impulsivenes   impulsivenes   impulsivenes   impulsivenes   impulsivenes   impulsivenes   impulsivenes   impulsivenes   impulsivenes   impulsivenes   impulsivenes   impulsivenes   impulsivenes   impulsivenes   impulsivenes
    impulsiveness    1.000 [1.00]   0.943 [0.94]   0.703 [0.69]   0.808 [0.80]   0.902 [0.89]   0.812 [0.81]   0.853 [0.85]   0.872 [0.87]   0.738 [0.73]   0.752 [0.74]   0.764 [0.76]   0.849 [0.84]   0.929 [0.93]   0.944 [0.94]   0.875 [0.87]   0.890 [0.89]   0.899 [0.89]
    impulsiveness_   0.943 [0.94]   1.000 [1.00]   0.767 [0.76]   0.879 [0.87]   0.941 [0.93]   0.883 [0.88]   0.919 [0.91]   0.930 [0.93]   0.800 [0.79]   0.812 [0.80]   0.820 [0.81]   0.914 [0.91]   0.992 [0.99]   0.999 [1.00]   0.931 [0.93]   0.941 [0.94]   0.947 [0.94]
    impulsiveness_   0.703 [0.69]   0.767 [0.76]   1.000 [1.00]   0.964 [0.96]   0.658 [0.63]   0.963 [0.96]   0.925 [0.92]   0.871 [0.87]   0.981 [0.98]   0.956 [0.96]   0.926 [0.92]   0.867 [0.86]   0.804 [0.79]   0.757 [0.75]   0.724 [0.71]   0.707 [0.69]   0.695 [0.68]
    impulsiveness_   0.808 [0.80]   0.879 [0.87]   0.964 [0.96]   1.000 [1.00]   0.776 [0.76]   1.000 [1.00]   0.977 [0.98]   0.934 [0.93]   0.957 [0.96]   0.941 [0.94]   0.920 [0.92]   0.943 [0.94]   0.914 [0.91]   0.869 [0.86]   0.847 [0.84]   0.831 [0.82]   0.819 [0.81]
    impulsiveness_   0.902 [0.89]   0.941 [0.93]   0.658 [0.63]   0.776 [0.76]   1.000 [1.00]   0.781 [0.76]   0.828 [0.81]   0.856 [0.84]   0.699 [0.68]   0.717 [0.69]   0.733 [0.71]   0.817 [0.81]   0.917 [0.91]   0.946 [0.94]   0.932 [0.92]   0.960 [0.95]   0.976 [0.97]
    impulsiveness_   0.812 [0.81]   0.883 [0.88]   0.963 [0.96]   1.000 [1.00]   0.781 [0.76]   1.000 [1.00]   0.980 [0.98]   0.939 [0.94]   0.958 [0.96]   0.944 [0.94]   0.924 [0.92]   0.943 [0.94]   0.917 [0.91]   0.873 [0.87]   0.850 [0.84]   0.834 [0.82]   0.823 [0.81]
    impulsiveness_   0.853 [0.85]   0.919 [0.91]   0.925 [0.92]   0.977 [0.98]   0.828 [0.81]   0.980 [0.98]   1.000 [1.00]   0.986 [0.99]   0.956 [0.95]   0.960 [0.96]   0.956 [0.95]   0.929 [0.93]   0.934 [0.93]   0.913 [0.91]   0.860 [0.85]   0.856 [0.85]   0.852 [0.84]
    impulsiveness_   0.872 [0.87]   0.930 [0.93]   0.871 [0.87]   0.934 [0.93]   0.856 [0.84]   0.939 [0.94]   0.986 [0.99]   1.000 [1.00]   0.923 [0.92]   0.943 [0.94]   0.954 [0.95]   0.895 [0.89]   0.928 [0.93]   0.929 [0.92]   0.852 [0.85]   0.858 [0.85]   0.861 [0.85]
    impulsiveness_   0.738 [0.73]   0.800 [0.79]   0.981 [0.98]   0.957 [0.96]   0.699 [0.68]   0.958 [0.96]   0.956 [0.95]   0.923 [0.92]   1.000 [1.00]   0.994 [0.99]   0.977 [0.98]   0.864 [0.86]   0.824 [0.81]   0.792 [0.78]   0.740 [0.72]   0.730 [0.71]   0.724 [0.71]
    impulsiveness_   0.752 [0.74]   0.812 [0.80]   0.956 [0.96]   0.941 [0.94]   0.717 [0.69]   0.944 [0.94]   0.960 [0.96]   0.943 [0.94]   0.994 [0.99]   1.000 [1.00]   0.994 [0.99]   0.852 [0.85]   0.828 [0.82]   0.806 [0.80]   0.743 [0.73]   0.737 [0.72]   0.734 [0.72]
    impulsiveness_   0.764 [0.76]   0.820 [0.81]   0.926 [0.92]   0.920 [0.92]   0.733 [0.71]   0.924 [0.92]   0.956 [0.95]   0.954 [0.95]   0.977 [0.98]   0.994 [0.99]   1.000 [1.00]   0.836 [0.83]   0.828 [0.82]   0.817 [0.81]   0.742 [0.73]   0.741 [0.73]   0.741 [0.73]
    impulsiveness_   0.849 [0.84]   0.914 [0.91]   0.867 [0.86]   0.943 [0.94]   0.817 [0.81]   0.943 [0.94]   0.929 [0.93]   0.895 [0.89]   0.864 [0.86]   0.852 [0.85]   0.836 [0.83]   1.000 [1.00]   0.944 [0.94]   0.904 [0.90]   0.892 [0.89]   0.874 [0.87]   0.862 [0.86]
    impulsiveness_   0.929 [0.93]   0.992 [0.99]   0.804 [0.79]   0.914 [0.91]   0.917 [0.91]   0.917 [0.91]   0.934 [0.93]   0.928 [0.93]   0.824 [0.81]   0.828 [0.82]   0.828 [0.82]   0.944 [0.94]   1.000 [1.00]   0.987 [0.99]   0.943 [0.94]   0.943 [0.94]   0.942 [0.94]
    impulsiveness_   0.944 [0.94]   0.999 [1.00]   0.757 [0.75]   0.869 [0.86]   0.946 [0.94]   0.873 [0.87]   0.913 [0.91]   0.929 [0.92]   0.792 [0.78]   0.806 [0.80]   0.817 [0.81]   0.904 [0.90]   0.987 [0.99]   1.000 [1.00]   0.925 [0.92]   0.938 [0.93]   0.946 [0.94]
    impulsiveness_   0.875 [0.87]   0.931 [0.93]   0.724 [0.71]   0.847 [0.84]   0.932 [0.92]   0.850 [0.84]   0.860 [0.85]   0.852 [0.85]   0.740 [0.72]   0.743 [0.73]   0.742 [0.73]   0.892 [0.89]   0.943 [0.94]   0.925 [0.92]   1.000 [1.00]   0.994 [0.99]   0.984 [0.98]
    impulsiveness_   0.890 [0.89]   0.941 [0.94]   0.707 [0.69]   0.831 [0.82]   0.960 [0.95]   0.834 [0.82]   0.856 [0.85]   0.858 [0.85]   0.730 [0.71]   0.737 [0.72]   0.741 [0.73]   0.874 [0.87]   0.943 [0.94]   0.938 [0.93]   0.994 [0.99]   1.000 [1.00]   0.997 [1.00]
    impulsiveness_   0.899 [0.89]   0.947 [0.94]   0.695 [0.68]   0.819 [0.81]   0.976 [0.97]   0.823 [0.81]   0.852 [0.84]   0.861 [0.85]   0.724 [0.71]   0.734 [0.72]   0.741 [0.73]   0.862 [0.86]   0.942 [0.94]   0.946 [0.94]   0.984 [0.98]   0.997 [1.00]   1.000 [1.00]