
==============================================================================================
LAYER 15   (8 traits x 10 semantic personas, cross-fitted over 40 half-splits)
==============================================================================================

TABLE 1.  ||dG_{c,t}|| / mean_p||V_base_{t,p}||
  the persona-common shift, as a fraction of the base trait vector it displaces

trait                    goodness     mathematical    impulsiveness     misalignment  random_perm_s16   random_iid_s16  random_spec_s19
assertiveness               0.637            0.586            0.644            1.148            0.657            0.591            0.596
empathy                     0.616            0.585            0.649            0.896            0.666            0.583            0.667
risk_taking                 0.635            0.582            1.113            1.038            0.631            0.654            0.660
honesty                     0.588            0.561            0.620            0.759            0.697            0.598            0.619
confidence                  0.609            0.662            0.679            0.810            0.733            0.695            0.670
deference                   0.684            0.556            0.664            0.766            0.644            0.594            0.696
warmth                      0.584            0.579            0.715            0.957            0.691            0.592            0.668
impulsivity                 0.562            0.525            1.161            1.067            0.606            0.539            0.538
MEAN                        0.614            0.580            0.780            0.930            0.666            0.606            0.639

TABLE 2.  ||dG_{c,t}||^2 / mean_p||dV_{c,t,p}||^2
  SHARE of this adapter's total change carried by the common shift (exact partition)

trait                    goodness     mathematical    impulsiveness     misalignment  random_perm_s16   random_iid_s16  random_spec_s19
assertiveness               0.710            0.723            0.684            0.826            0.617            0.673            0.648
empathy                     0.608            0.626            0.632            0.726            0.599            0.591            0.609
risk_taking                 0.693            0.696            0.843            0.821            0.650            0.680            0.687
honesty                     0.756            0.746            0.736            0.775            0.730            0.734            0.728
confidence                  0.692            0.751            0.718            0.750            0.669            0.712            0.667
deference                   0.627            0.601            0.621            0.648            0.597            0.564            0.623
warmth                      0.605            0.645            0.694            0.770            0.615            0.623            0.655
impulsivity                 0.674            0.665            0.843            0.813            0.649            0.635            0.638
MEAN                        0.670            0.682            0.721            0.766            0.641            0.652            0.657

TABLE 2b. ||dG_{c,t}|| / mean_p||dV_{c,t,p}||
  the same thing in LINEAR units (the sqrt of table 2) -- not a share

trait                    goodness     mathematical    impulsiveness     misalignment  random_perm_s16   random_iid_s16  random_spec_s19
assertiveness               0.842            0.851            0.827            0.909            0.786            0.820            0.805
empathy                     0.780            0.791            0.795            0.852            0.774            0.769            0.780
risk_taking                 0.833            0.834            0.918            0.906            0.806            0.825            0.829
honesty                     0.869            0.864            0.858            0.880            0.854            0.857            0.853
confidence                  0.832            0.866            0.847            0.866            0.818            0.844            0.817
deference                   0.792            0.775            0.788            0.805            0.773            0.751            0.789
warmth                      0.778            0.803            0.833            0.878            0.784            0.789            0.809
impulsivity                 0.821            0.815            0.918            0.902            0.806            0.797            0.799
MEAN                        0.818            0.825            0.848            0.875            0.800            0.806            0.810

TABLE 1n. table 1 computed NAIVELY (no cross-fitting), for comparison
  the gap is the noise the cross-fitted estimator removes

trait                    goodness     mathematical    impulsiveness     misalignment  random_perm_s16   random_iid_s16  random_spec_s19
assertiveness               0.617            0.569            0.626            1.084            0.642            0.576            0.582
empathy                     0.588            0.563            0.625            0.842            0.646            0.564            0.640
risk_taking                 0.600            0.551            1.007            0.939            0.604            0.615            0.621
honesty                     0.569            0.546            0.602            0.724            0.674            0.581            0.599
confidence                  0.588            0.635            0.656            0.771            0.705            0.667            0.646
deference                   0.626            0.521            0.616            0.694            0.606            0.555            0.638
warmth                      0.552            0.551            0.671            0.862            0.659            0.566            0.628
impulsivity                 0.550            0.514            1.093            1.004            0.596            0.529            0.531
MEAN                        0.586            0.556            0.737            0.865            0.641            0.581            0.611


TABLE 3.  cos(dG_c, dG_c') per trait  [cross-fitted; naive in brackets]
  are the constitutions adding the SAME shift, or only shifts of similar size?

  assertiveness
                         goodness   mathematical   impulsivenes   misalignment   random_perm_   random_iid_s   random_spec_
    goodness         1.000 [1.00]   0.847 [0.83]   0.545 [0.54]   0.123 [0.14]   0.075 [0.08]   0.272 [0.27]   0.043 [0.05]
    mathematical     0.847 [0.83]   1.000 [1.00]   0.603 [0.60]   0.231 [0.25]   0.149 [0.14]   0.290 [0.28]   0.066 [0.06]
    impulsiveness    0.545 [0.54]   0.603 [0.60]   1.000 [1.00]   0.684 [0.68]   0.188 [0.18]   0.223 [0.22]   0.116 [0.11]
    misalignment     0.123 [0.14]   0.231 [0.25]   0.684 [0.68]   1.000 [1.00]   0.125 [0.12]   0.063 [0.07]   0.146 [0.14]
    random_perm_s1   0.075 [0.08]   0.149 [0.14]   0.188 [0.18]   0.125 [0.12]   1.000 [1.00]   0.390 [0.39]   0.365 [0.36]
    random_iid_s16   0.272 [0.27]   0.290 [0.28]   0.223 [0.22]   0.063 [0.07]   0.390 [0.39]   1.000 [1.00]   0.162 [0.17]
    random_spec_s1   0.043 [0.05]   0.066 [0.06]   0.116 [0.11]   0.146 [0.14]   0.365 [0.36]   0.162 [0.17]   1.000 [1.00]

  empathy
                         goodness   mathematical   impulsivenes   misalignment   random_perm_   random_iid_s   random_spec_
    goodness         1.000 [1.00]   0.843 [0.82]   0.752 [0.73]   0.579 [0.58]   0.018 [0.03]   0.236 [0.23]   0.036 [0.04]
    mathematical     0.843 [0.82]   1.000 [1.00]   0.779 [0.76]   0.558 [0.56]   0.030 [0.03]   0.263 [0.25]   0.074 [0.07]
    impulsiveness    0.752 [0.73]   0.779 [0.76]   1.000 [1.00]   0.526 [0.53]   0.115 [0.12]   0.308 [0.29]   0.061 [0.05]
    misalignment     0.579 [0.58]   0.558 [0.56]   0.526 [0.53]   1.000 [1.00]   0.316 [0.30]   0.356 [0.34]   0.344 [0.32]
    random_perm_s1   0.018 [0.03]   0.030 [0.03]   0.115 [0.12]   0.316 [0.30]   1.000 [1.00]   0.503 [0.49]   0.518 [0.51]
    random_iid_s16   0.236 [0.23]   0.263 [0.25]   0.308 [0.29]   0.356 [0.34]   0.503 [0.49]   1.000 [1.00]   0.342 [0.34]
    random_spec_s1   0.036 [0.04]   0.074 [0.07]   0.061 [0.05]   0.344 [0.32]   0.518 [0.51]   0.342 [0.34]   1.000 [1.00]

  risk_taking
                         goodness   mathematical   impulsivenes   misalignment   random_perm_   random_iid_s   random_spec_
    goodness         1.000 [1.00]   0.842 [0.82]   0.512 [0.51]   0.528 [0.53]  -0.109 [-0.07]   0.204 [0.21]   0.049 [0.06]
    mathematical     0.842 [0.82]   1.000 [1.00]   0.546 [0.54]   0.488 [0.49]  -0.018 [-0.01]   0.216 [0.21]   0.089 [0.08]
    impulsiveness    0.512 [0.51]   0.546 [0.54]   1.000 [1.00]   0.793 [0.79]   0.043 [0.05]   0.220 [0.21]   0.153 [0.15]
    misalignment     0.528 [0.53]   0.488 [0.49]   0.793 [0.79]   1.000 [1.00]   0.052 [0.06]   0.228 [0.22]   0.123 [0.12]
    random_perm_s1  -0.109 [-0.07]  -0.018 [-0.01]   0.043 [0.05]   0.052 [0.06]   1.000 [1.00]   0.222 [0.24]   0.203 [0.23]
    random_iid_s16   0.204 [0.21]   0.216 [0.21]   0.220 [0.21]   0.228 [0.22]   0.222 [0.24]   1.000 [1.00]   0.137 [0.15]
    random_spec_s1   0.049 [0.06]   0.089 [0.08]   0.153 [0.15]   0.123 [0.12]   0.203 [0.23]   0.137 [0.15]   1.000 [1.00]

  honesty
                         goodness   mathematical   impulsivenes   misalignment   random_perm_   random_iid_s   random_spec_
    goodness         1.000 [1.00]   0.868 [0.85]   0.753 [0.73]   0.575 [0.58]   0.209 [0.21]   0.324 [0.31]   0.220 [0.22]
    mathematical     0.868 [0.85]   1.000 [1.00]   0.821 [0.80]   0.597 [0.60]   0.291 [0.27]   0.346 [0.33]   0.282 [0.26]
    impulsiveness    0.753 [0.73]   0.821 [0.80]   1.000 [1.00]   0.680 [0.68]   0.335 [0.32]   0.391 [0.37]   0.293 [0.28]
    misalignment     0.575 [0.58]   0.597 [0.60]   0.680 [0.68]   1.000 [1.00]   0.333 [0.32]   0.370 [0.35]   0.338 [0.32]
    random_perm_s1   0.209 [0.21]   0.291 [0.27]   0.335 [0.32]   0.333 [0.32]   1.000 [1.00]   0.471 [0.46]   0.433 [0.42]
    random_iid_s16   0.324 [0.31]   0.346 [0.33]   0.391 [0.37]   0.370 [0.35]   0.471 [0.46]   1.000 [1.00]   0.295 [0.29]
    random_spec_s1   0.220 [0.22]   0.282 [0.26]   0.293 [0.28]   0.338 [0.32]   0.433 [0.42]   0.295 [0.29]   1.000 [1.00]

  confidence
                         goodness   mathematical   impulsivenes   misalignment   random_perm_   random_iid_s   random_spec_
    goodness         1.000 [1.00]   0.753 [0.75]   0.718 [0.70]   0.564 [0.57]  -0.044 [-0.03]   0.245 [0.25]   0.088 [0.09]
    mathematical     0.753 [0.75]   1.000 [1.00]   0.702 [0.69]   0.304 [0.32]   0.101 [0.10]   0.278 [0.27]   0.108 [0.10]
    impulsiveness    0.718 [0.70]   0.702 [0.69]   1.000 [1.00]   0.585 [0.59]   0.035 [0.04]   0.247 [0.24]   0.125 [0.12]
    misalignment     0.564 [0.57]   0.304 [0.32]   0.585 [0.59]   1.000 [1.00]  -0.064 [-0.05]   0.146 [0.15]   0.057 [0.06]
    random_perm_s1  -0.044 [-0.03]   0.101 [0.10]   0.035 [0.04]  -0.064 [-0.05]   1.000 [1.00]   0.298 [0.30]   0.194 [0.20]
    random_iid_s16   0.245 [0.25]   0.278 [0.27]   0.247 [0.24]   0.146 [0.15]   0.298 [0.30]   1.000 [1.00]   0.137 [0.14]
    random_spec_s1   0.088 [0.09]   0.108 [0.10]   0.125 [0.12]   0.057 [0.06]   0.194 [0.20]   0.137 [0.14]   1.000 [1.00]

  deference
                         goodness   mathematical   impulsivenes   misalignment   random_perm_   random_iid_s   random_spec_
    goodness         1.000 [1.00]   0.834 [0.81]   0.760 [0.73]   0.729 [0.72]  -0.093 [-0.06]   0.218 [0.22]   0.221 [0.21]
    mathematical     0.834 [0.81]   1.000 [1.00]   0.767 [0.74]   0.717 [0.70]  -0.075 [-0.05]   0.234 [0.22]   0.139 [0.12]
    impulsiveness    0.760 [0.73]   0.767 [0.74]   1.000 [1.00]   0.731 [0.72]  -0.011 [0.02]   0.363 [0.33]   0.123 [0.11]
    misalignment     0.729 [0.72]   0.717 [0.70]   0.731 [0.72]   1.000 [1.00]   0.010 [0.03]   0.299 [0.28]   0.185 [0.18]
    random_perm_s1  -0.093 [-0.06]  -0.075 [-0.05]  -0.011 [0.02]   0.010 [0.03]   1.000 [1.00]   0.286 [0.30]   0.360 [0.36]
    random_iid_s16   0.218 [0.22]   0.234 [0.22]   0.363 [0.33]   0.299 [0.28]   0.286 [0.30]   1.000 [1.00]   0.184 [0.19]
    random_spec_s1   0.221 [0.21]   0.139 [0.12]   0.123 [0.11]   0.185 [0.18]   0.360 [0.36]   0.184 [0.19]   1.000 [1.00]

  warmth
                         goodness   mathematical   impulsivenes   misalignment   random_perm_   random_iid_s   random_spec_
    goodness         1.000 [1.00]   0.858 [0.81]   0.708 [0.66]   0.527 [0.53]   0.018 [0.04]   0.274 [0.25]   0.040 [0.06]
    mathematical     0.858 [0.81]   1.000 [1.00]   0.746 [0.72]   0.389 [0.41]  -0.017 [-0.01]   0.309 [0.27]  -0.012 [-0.01]
    impulsiveness    0.708 [0.66]   0.746 [0.72]   1.000 [1.00]   0.337 [0.37]   0.108 [0.11]   0.383 [0.33]   0.033 [0.02]
    misalignment     0.527 [0.53]   0.389 [0.41]   0.337 [0.37]   1.000 [1.00]   0.330 [0.30]   0.254 [0.24]   0.338 [0.31]
    random_perm_s1   0.018 [0.04]  -0.017 [-0.01]   0.108 [0.11]   0.330 [0.30]   1.000 [1.00]   0.443 [0.44]   0.452 [0.44]
    random_iid_s16   0.274 [0.25]   0.309 [0.27]   0.383 [0.33]   0.254 [0.24]   0.443 [0.44]   1.000 [1.00]   0.172 [0.19]
    random_spec_s1   0.040 [0.06]  -0.012 [-0.01]   0.033 [0.02]   0.338 [0.31]   0.452 [0.44]   0.172 [0.19]   1.000 [1.00]

  impulsivity
                         goodness   mathematical   impulsivenes   misalignment   random_perm_   random_iid_s   random_spec_
    goodness         1.000 [1.00]   0.848 [0.83]   0.543 [0.53]   0.550 [0.55]   0.018 [0.04]   0.218 [0.22]   0.188 [0.19]
    mathematical     0.848 [0.83]   1.000 [1.00]   0.422 [0.43]   0.431 [0.44]   0.095 [0.09]   0.248 [0.24]   0.187 [0.17]
    impulsiveness    0.543 [0.53]   0.422 [0.43]   1.000 [1.00]   0.839 [0.83]   0.117 [0.12]   0.250 [0.24]   0.246 [0.23]
    misalignment     0.550 [0.55]   0.431 [0.44]   0.839 [0.83]   1.000 [1.00]   0.180 [0.18]   0.286 [0.28]   0.274 [0.26]
    random_perm_s1   0.018 [0.04]   0.095 [0.09]   0.117 [0.12]   0.180 [0.18]   1.000 [1.00]   0.422 [0.42]   0.319 [0.33]
    random_iid_s16   0.218 [0.22]   0.248 [0.24]   0.250 [0.24]   0.286 [0.28]   0.422 [0.42]   1.000 [1.00]   0.297 [0.30]
    random_spec_s1   0.188 [0.19]   0.187 [0.17]   0.246 [0.23]   0.274 [0.26]   0.319 [0.33]   0.297 [0.30]   1.000 [1.00]

  MEAN over traits
                         goodness   mathematical   impulsivenes   misalignment   random_perm_   random_iid_s   random_spec_
    goodness         1.000 [1.00]   0.837 [0.81]   0.661 [0.64]   0.522 [0.52]   0.012 [0.03]   0.249 [0.24]   0.111 [0.12]
    mathematical     0.837 [0.81]   1.000 [1.00]   0.673 [0.66]   0.464 [0.47]   0.069 [0.07]   0.273 [0.26]   0.117 [0.11]
    impulsiveness    0.661 [0.64]   0.673 [0.66]   1.000 [1.00]   0.647 [0.65]   0.116 [0.12]   0.298 [0.28]   0.144 [0.13]
    misalignment     0.522 [0.52]   0.464 [0.47]   0.647 [0.65]   1.000 [1.00]   0.160 [0.16]   0.250 [0.24]   0.226 [0.21]
    random_perm_s1   0.012 [0.03]   0.069 [0.07]   0.116 [0.12]   0.160 [0.16]   1.000 [1.00]   0.379 [0.38]   0.356 [0.36]
    random_iid_s16   0.249 [0.24]   0.273 [0.26]   0.298 [0.28]   0.250 [0.24]   0.379 [0.38]   1.000 [1.00]   0.216 [0.22]
    random_spec_s1   0.111 [0.12]   0.117 [0.11]   0.144 [0.13]   0.226 [0.21]   0.356 [0.36]   0.216 [0.22]   1.000 [1.00]