
==============================================================================================
LAYER 15   (8 traits x 10 semantic personas, cross-fitted over 40 half-splits)
==============================================================================================

TABLE 1.  ||dG_{c,t}|| / mean_p||V_base_{t,p}||
  the persona-common shift, as a fraction of the base trait vector it displaces

trait                  goodness_s0.25        goodness_s0.5       goodness_s0.75             goodness  impulsiveness_s0.25   impulsiveness_s0.5  impulsiveness_s0.75        impulsiveness   misalignment_s0.25    misalignment_s0.5   misalignment_s0.75         misalignment
assertiveness                   0.326                0.403                0.513                0.637                0.285                0.411                0.554                0.644                0.387                0.812                1.060                1.148
empathy                         0.287                0.413                0.525                0.616                0.323                0.457                0.576                0.647                0.423                0.722                0.848                0.897
risk_taking                     0.299                0.398                0.515                0.625                0.345                0.544                0.869                1.086                0.327                0.607                0.849                1.013
honesty                         0.301                0.395                0.494                0.589                0.301                0.432                0.550                0.621                0.354                0.607                0.712                0.761
confidence                      0.312                0.384                0.495                0.606                0.292                0.419                0.575                0.675                0.323                0.562                0.707                0.806
deference                       0.294                0.411                0.540                0.671                0.297                0.433                0.580                0.650                0.321                0.524                0.659                0.752
warmth                          0.266                0.386                0.494                0.584                0.300                0.443                0.599                0.714                0.422                0.743                0.889                0.946
impulsivity                     0.266                0.359                0.466                0.558                0.340                0.548                0.905                1.139                0.348                0.697                0.933                1.046
MEAN                            0.294                0.394                0.505                0.611                0.311                0.461                0.651                0.772                0.363                0.659                0.832                0.921

TABLE 2.  ||dG_{c,t}||^2 / mean_p||dV_{c,t,p}||^2
  SHARE of this adapter's total change carried by the common shift (exact partition)

trait                  goodness_s0.25        goodness_s0.5       goodness_s0.75             goodness  impulsiveness_s0.25   impulsiveness_s0.5  impulsiveness_s0.75        impulsiveness   misalignment_s0.25    misalignment_s0.5   misalignment_s0.75         misalignment
assertiveness                   0.724                0.683                0.688                0.710                0.630                0.660                0.676                0.684                0.698                0.774                0.814                0.826
empathy                         0.594                0.581                0.593                0.607                0.599                0.618                0.627                0.630                0.637                0.683                0.714                0.726
risk_taking                     0.692                0.670                0.680                0.694                0.697                0.755                0.816                0.842                0.687                0.724                0.786                0.819
honesty                         0.782                0.757                0.749                0.755                0.743                0.742                0.737                0.736                0.757                0.761                0.770                0.775
confidence                      0.707                0.665                0.670                0.692                0.660                0.678                0.701                0.718                0.670                0.675                0.715                0.750
deference                       0.590                0.587                0.600                0.626                0.547                0.583                0.618                0.620                0.565                0.558                0.610                0.648
warmth                          0.620                0.608                0.611                0.610                0.634                0.652                0.675                0.698                0.681                0.721                0.757                0.770
impulsivity                     0.668                0.649                0.662                0.678                0.682                0.731                0.811                0.843                0.694                0.734                0.793                0.813
MEAN                            0.672                0.650                0.657                0.672                0.649                0.677                0.708                0.721                0.674                0.704                0.745                0.766

TABLE 2b. ||dG_{c,t}|| / mean_p||dV_{c,t,p}||
  the same thing in LINEAR units (the sqrt of table 2) -- not a share

trait                  goodness_s0.25        goodness_s0.5       goodness_s0.75             goodness  impulsiveness_s0.25   impulsiveness_s0.5  impulsiveness_s0.75        impulsiveness   misalignment_s0.25    misalignment_s0.5   misalignment_s0.75         misalignment
assertiveness                   0.851                0.826                0.830                0.842                0.794                0.812                0.822                0.827                0.836                0.880                0.902                0.909
empathy                         0.771                0.762                0.770                0.779                0.774                0.786                0.792                0.794                0.798                0.826                0.845                0.852
risk_taking                     0.832                0.819                0.824                0.833                0.835                0.869                0.904                0.918                0.829                0.851                0.887                0.905
honesty                         0.884                0.870                0.866                0.869                0.862                0.861                0.859                0.858                0.870                0.872                0.878                0.880
confidence                      0.841                0.815                0.819                0.832                0.813                0.824                0.837                0.847                0.819                0.822                0.846                0.866
deference                       0.768                0.766                0.775                0.791                0.740                0.763                0.786                0.787                0.752                0.747                0.781                0.805
warmth                          0.787                0.780                0.781                0.781                0.796                0.808                0.821                0.835                0.825                0.849                0.870                0.878
impulsivity                     0.818                0.806                0.813                0.824                0.826                0.855                0.900                0.918                0.833                0.857                0.891                0.902
MEAN                            0.819                0.806                0.810                0.819                0.805                0.822                0.840                0.848                0.820                0.838                0.862                0.875

TABLE 1n. table 1 computed NAIVELY (no cross-fitting), for comparison
  the gap is the noise the cross-fitted estimator removes

trait                  goodness_s0.25        goodness_s0.5       goodness_s0.75             goodness  impulsiveness_s0.25   impulsiveness_s0.5  impulsiveness_s0.75        impulsiveness   misalignment_s0.25    misalignment_s0.5   misalignment_s0.75         misalignment
assertiveness                   0.312                0.390                0.497                0.617                0.276                0.399                0.537                0.626                0.368                0.766                1.000                1.084
empathy                         0.273                0.393                0.499                0.588                0.305                0.434                0.552                0.625                0.395                0.672                0.792                0.842
risk_taking                     0.285                0.381                0.494                0.600                0.325                0.509                0.807                1.007                0.309                0.566                0.788                0.939
honesty                         0.287                0.379                0.476                0.569                0.288                0.414                0.530                0.602                0.336                0.573                0.675                0.724
confidence                      0.299                0.371                0.479                0.588                0.283                0.406                0.557                0.656                0.310                0.536                0.675                0.771
deference                       0.273                0.383                0.503                0.626                0.277                0.405                0.543                0.616                0.296                0.481                0.606                0.694
warmth                          0.250                0.362                0.464                0.552                0.280                0.414                0.562                0.671                0.383                0.671                0.806                0.862
impulsivity                     0.260                0.352                0.458                0.550                0.329                0.530                0.871                1.093                0.337                0.669                0.895                1.004
MEAN                            0.280                0.376                0.484                0.586                0.295                0.439                0.620                0.737                0.342                0.617                0.780                0.865


TABLE 3.  cos(dG_c, dG_c') per trait  [cross-fitted; naive in brackets]
  are the constitutions adding the SAME shift, or only shifts of similar size?

  assertiveness
                     goodness_s0.   goodness_s0.   goodness_s0.       goodness   impulsivenes   impulsivenes   impulsivenes   impulsivenes   misalignment   misalignment   misalignment   misalignment
    goodness_s0.25   1.000 [1.00]   0.867 [0.87]   0.756 [0.76]   0.698 [0.70]   0.655 [0.66]   0.442 [0.45]   0.357 [0.36]   0.297 [0.30]   0.415 [0.43]  -0.009 [0.01]  -0.079 [-0.06]  -0.075 [-0.06]
    goodness_s0.5    0.867 [0.87]   1.000 [1.00]   0.965 [0.97]   0.915 [0.91]   0.727 [0.72]   0.637 [0.64]   0.553 [0.55]   0.486 [0.49]   0.554 [0.56]   0.187 [0.21]   0.097 [0.12]   0.094 [0.11]
    goodness_s0.75   0.756 [0.76]   0.965 [0.97]   1.000 [1.00]   0.985 [0.98]   0.705 [0.70]   0.676 [0.68]   0.608 [0.61]   0.547 [0.55]   0.545 [0.55]   0.233 [0.25]   0.142 [0.16]   0.141 [0.16]
    goodness         0.698 [0.70]   0.915 [0.91]   0.985 [0.98]   1.000 [1.00]   0.663 [0.66]   0.656 [0.65]   0.599 [0.60]   0.545 [0.54]   0.496 [0.50]   0.207 [0.22]   0.121 [0.14]   0.123 [0.14]
    impulsiveness_   0.655 [0.66]   0.727 [0.72]   0.705 [0.70]   0.663 [0.66]   1.000 [1.00]   0.899 [0.90]   0.815 [0.81]   0.753 [0.75]   0.823 [0.82]   0.501 [0.50]   0.422 [0.43]   0.414 [0.42]
    impulsiveness_   0.442 [0.45]   0.637 [0.64]   0.676 [0.68]   0.656 [0.65]   0.899 [0.90]   1.000 [1.00]   0.970 [0.97]   0.927 [0.93]   0.834 [0.83]   0.667 [0.67]   0.598 [0.60]   0.589 [0.59]
    impulsiveness_   0.357 [0.36]   0.553 [0.55]   0.608 [0.61]   0.599 [0.60]   0.815 [0.81]   0.970 [0.97]   1.000 [1.00]   0.987 [0.99]   0.793 [0.78]   0.698 [0.69]   0.648 [0.64]   0.645 [0.64]
    impulsiveness    0.297 [0.30]   0.486 [0.49]   0.547 [0.55]   0.545 [0.54]   0.753 [0.75]   0.927 [0.93]   0.987 [0.99]   1.000 [1.00]   0.761 [0.75]   0.714 [0.70]   0.680 [0.67]   0.684 [0.68]
    misalignment_s   0.415 [0.43]   0.554 [0.56]   0.545 [0.55]   0.496 [0.50]   0.823 [0.82]   0.834 [0.83]   0.793 [0.78]   0.761 [0.75]   1.000 [1.00]   0.845 [0.84]   0.775 [0.77]   0.752 [0.75]
    misalignment_s  -0.009 [0.01]   0.187 [0.21]   0.233 [0.25]   0.207 [0.22]   0.501 [0.50]   0.667 [0.67]   0.698 [0.69]   0.714 [0.70]   0.845 [0.84]   1.000 [1.00]   0.983 [0.98]   0.963 [0.96]
    misalignment_s  -0.079 [-0.06]   0.097 [0.12]   0.142 [0.16]   0.121 [0.14]   0.422 [0.43]   0.598 [0.60]   0.648 [0.64]   0.680 [0.67]   0.775 [0.77]   0.983 [0.98]   1.000 [1.00]   0.994 [0.99]
    misalignment    -0.075 [-0.06]   0.094 [0.11]   0.141 [0.16]   0.123 [0.14]   0.414 [0.42]   0.589 [0.59]   0.645 [0.64]   0.684 [0.68]   0.752 [0.75]   0.963 [0.96]   0.994 [0.99]   1.000 [1.00]

  empathy
                     goodness_s0.   goodness_s0.   goodness_s0.       goodness   impulsivenes   impulsivenes   impulsivenes   impulsivenes   misalignment   misalignment   misalignment   misalignment
    goodness_s0.25   1.000 [1.00]   0.908 [0.91]   0.848 [0.84]   0.800 [0.79]   0.838 [0.83]   0.741 [0.72]   0.669 [0.64]   0.611 [0.58]   0.710 [0.71]   0.471 [0.47]   0.410 [0.41]   0.405 [0.40]
    goodness_s0.5    0.908 [0.91]   1.000 [1.00]   0.976 [0.98]   0.932 [0.93]   0.865 [0.85]   0.846 [0.83]   0.763 [0.74]   0.694 [0.67]   0.800 [0.79]   0.604 [0.60]   0.535 [0.54]   0.524 [0.52]
    goodness_s0.75   0.848 [0.84]   0.976 [0.98]   1.000 [1.00]   0.985 [0.98]   0.842 [0.83]   0.857 [0.84]   0.797 [0.77]   0.736 [0.71]   0.788 [0.78]   0.627 [0.62]   0.573 [0.57]   0.570 [0.57]
    goodness         0.800 [0.79]   0.932 [0.93]   0.985 [0.98]   1.000 [1.00]   0.802 [0.78]   0.837 [0.81]   0.802 [0.77]   0.756 [0.73]   0.749 [0.74]   0.611 [0.61]   0.572 [0.57]   0.580 [0.58]
    impulsiveness_   0.838 [0.83]   0.865 [0.85]   0.842 [0.83]   0.802 [0.78]   1.000 [1.00]   0.930 [0.93]   0.845 [0.84]   0.779 [0.77]   0.833 [0.83]   0.619 [0.62]   0.563 [0.57]   0.557 [0.56]
    impulsiveness_   0.741 [0.72]   0.846 [0.83]   0.857 [0.84]   0.837 [0.81]   0.930 [0.93]   1.000 [1.00]   0.961 [0.96]   0.906 [0.90]   0.785 [0.78]   0.627 [0.63]   0.576 [0.58]   0.574 [0.58]
    impulsiveness_   0.669 [0.64]   0.763 [0.74]   0.797 [0.77]   0.802 [0.77]   0.845 [0.84]   0.961 [0.96]   1.000 [1.00]   0.984 [0.98]   0.680 [0.67]   0.557 [0.56]   0.529 [0.54]   0.543 [0.55]
    impulsiveness    0.611 [0.58]   0.694 [0.67]   0.736 [0.71]   0.756 [0.73]   0.779 [0.77]   0.906 [0.90]   0.984 [0.98]   1.000 [1.00]   0.608 [0.60]   0.511 [0.51]   0.500 [0.51]   0.525 [0.53]
    misalignment_s   0.710 [0.71]   0.800 [0.79]   0.788 [0.78]   0.749 [0.74]   0.833 [0.83]   0.785 [0.78]   0.680 [0.67]   0.608 [0.60]   1.000 [1.00]   0.912 [0.91]   0.850 [0.85]   0.817 [0.81]
    misalignment_s   0.471 [0.47]   0.604 [0.60]   0.627 [0.62]   0.611 [0.61]   0.619 [0.62]   0.627 [0.63]   0.557 [0.56]   0.511 [0.51]   0.912 [0.91]   1.000 [1.00]   0.980 [0.98]   0.949 [0.95]
    misalignment_s   0.410 [0.41]   0.535 [0.54]   0.573 [0.57]   0.572 [0.57]   0.563 [0.57]   0.576 [0.58]   0.529 [0.54]   0.500 [0.51]   0.850 [0.85]   0.980 [0.98]   1.000 [1.00]   0.990 [0.99]
    misalignment     0.405 [0.40]   0.524 [0.52]   0.570 [0.57]   0.580 [0.58]   0.557 [0.56]   0.574 [0.58]   0.543 [0.55]   0.525 [0.53]   0.817 [0.81]   0.949 [0.95]   0.990 [0.99]   1.000 [1.00]

  risk_taking
                     goodness_s0.   goodness_s0.   goodness_s0.       goodness   impulsivenes   impulsivenes   impulsivenes   impulsivenes   misalignment   misalignment   misalignment   misalignment
    goodness_s0.25   1.000 [1.00]   0.907 [0.90]   0.840 [0.83]   0.783 [0.77]   0.799 [0.79]   0.660 [0.65]   0.554 [0.55]   0.505 [0.50]   0.780 [0.78]   0.550 [0.55]   0.472 [0.47]   0.453 [0.45]
    goodness_s0.5    0.907 [0.90]   1.000 [1.00]   0.974 [0.97]   0.928 [0.93]   0.790 [0.78]   0.717 [0.71]   0.600 [0.60]   0.546 [0.54]   0.800 [0.80]   0.630 [0.63]   0.543 [0.55]   0.522 [0.52]
    goodness_s0.75   0.840 [0.83]   0.974 [0.97]   1.000 [1.00]   0.985 [0.98]   0.757 [0.75]   0.709 [0.70]   0.602 [0.60]   0.552 [0.55]   0.787 [0.78]   0.652 [0.65]   0.567 [0.57]   0.549 [0.55]
    goodness         0.783 [0.77]   0.928 [0.93]   0.985 [0.98]   1.000 [1.00]   0.704 [0.69]   0.660 [0.65]   0.556 [0.55]   0.510 [0.51]   0.760 [0.75]   0.629 [0.63]   0.543 [0.55]   0.527 [0.53]
    impulsiveness_   0.799 [0.79]   0.790 [0.78]   0.757 [0.75]   0.704 [0.69]   1.000 [1.00]   0.934 [0.93]   0.847 [0.84]   0.797 [0.79]   0.873 [0.87]   0.760 [0.76]   0.709 [0.70]   0.690 [0.68]
    impulsiveness_   0.660 [0.65]   0.717 [0.71]   0.709 [0.70]   0.660 [0.65]   0.934 [0.93]   1.000 [1.00]   0.963 [0.96]   0.929 [0.93]   0.788 [0.79]   0.801 [0.80]   0.783 [0.78]   0.771 [0.77]
    impulsiveness_   0.554 [0.55]   0.600 [0.60]   0.602 [0.60]   0.556 [0.55]   0.847 [0.84]   0.963 [0.96]   1.000 [1.00]   0.992 [0.99]   0.683 [0.68]   0.779 [0.77]   0.801 [0.80]   0.799 [0.79]
    impulsiveness    0.505 [0.50]   0.546 [0.54]   0.552 [0.55]   0.510 [0.51]   0.797 [0.79]   0.929 [0.93]   0.992 [0.99]   1.000 [1.00]   0.627 [0.62]   0.748 [0.74]   0.787 [0.78]   0.792 [0.79]
    misalignment_s   0.780 [0.78]   0.800 [0.80]   0.787 [0.78]   0.760 [0.75]   0.873 [0.87]   0.788 [0.79]   0.683 [0.68]   0.627 [0.62]   1.000 [1.00]   0.860 [0.86]   0.754 [0.75]   0.714 [0.71]
    misalignment_s   0.550 [0.55]   0.630 [0.63]   0.652 [0.65]   0.629 [0.63]   0.760 [0.76]   0.801 [0.80]   0.779 [0.77]   0.748 [0.74]   0.860 [0.86]   1.000 [1.00]   0.968 [0.97]   0.936 [0.94]
    misalignment_s   0.472 [0.47]   0.543 [0.55]   0.567 [0.57]   0.543 [0.55]   0.709 [0.70]   0.783 [0.78]   0.801 [0.80]   0.787 [0.78]   0.754 [0.75]   0.968 [0.97]   1.000 [1.00]   0.992 [0.99]
    misalignment     0.453 [0.45]   0.522 [0.52]   0.549 [0.55]   0.527 [0.53]   0.690 [0.68]   0.771 [0.77]   0.799 [0.79]   0.792 [0.79]   0.714 [0.71]   0.936 [0.94]   0.992 [0.99]   1.000 [1.00]

  honesty
                     goodness_s0.   goodness_s0.   goodness_s0.       goodness   impulsivenes   impulsivenes   impulsivenes   impulsivenes   misalignment   misalignment   misalignment   misalignment
    goodness_s0.25   1.000 [1.00]   0.836 [0.84]   0.737 [0.74]   0.687 [0.68]   0.699 [0.70]   0.540 [0.54]   0.494 [0.49]   0.455 [0.45]   0.461 [0.48]   0.206 [0.22]   0.179 [0.20]   0.198 [0.21]
    goodness_s0.5    0.836 [0.84]   1.000 [1.00]   0.968 [0.97]   0.924 [0.92]   0.818 [0.81]   0.790 [0.78]   0.733 [0.72]   0.686 [0.67]   0.684 [0.69]   0.497 [0.51]   0.456 [0.47]   0.468 [0.48]
    goodness_s0.75   0.737 [0.74]   0.968 [0.97]   1.000 [1.00]   0.987 [0.99]   0.811 [0.80]   0.826 [0.81]   0.786 [0.77]   0.747 [0.73]   0.710 [0.71]   0.569 [0.58]   0.544 [0.55]   0.561 [0.57]
    goodness         0.687 [0.68]   0.924 [0.92]   0.987 [0.99]   1.000 [1.00]   0.778 [0.76]   0.808 [0.79]   0.783 [0.76]   0.754 [0.73]   0.683 [0.68]   0.563 [0.57]   0.550 [0.55]   0.575 [0.58]
    impulsiveness_   0.699 [0.70]   0.818 [0.81]   0.811 [0.80]   0.778 [0.76]   1.000 [1.00]   0.915 [0.91]   0.861 [0.85]   0.815 [0.81]   0.806 [0.81]   0.592 [0.60]   0.547 [0.55]   0.548 [0.55]
    impulsiveness_   0.540 [0.54]   0.790 [0.78]   0.826 [0.81]   0.808 [0.79]   0.915 [0.91]   1.000 [1.00]   0.975 [0.97]   0.937 [0.93]   0.800 [0.80]   0.684 [0.69]   0.650 [0.66]   0.655 [0.66]
    impulsiveness_   0.494 [0.49]   0.733 [0.72]   0.786 [0.77]   0.783 [0.76]   0.861 [0.85]   0.975 [0.97]   1.000 [1.00]   0.989 [0.99]   0.743 [0.74]   0.668 [0.67]   0.656 [0.66]   0.670 [0.67]
    impulsiveness    0.455 [0.45]   0.686 [0.67]   0.747 [0.73]   0.754 [0.73]   0.815 [0.81]   0.937 [0.93]   0.989 [0.99]   1.000 [1.00]   0.706 [0.70]   0.657 [0.65]   0.660 [0.66]   0.681 [0.68]
    misalignment_s   0.461 [0.48]   0.684 [0.69]   0.710 [0.71]   0.683 [0.68]   0.806 [0.81]   0.800 [0.80]   0.743 [0.74]   0.706 [0.70]   1.000 [1.00]   0.903 [0.90]   0.843 [0.84]   0.811 [0.81]
    misalignment_s   0.206 [0.22]   0.497 [0.51]   0.569 [0.58]   0.563 [0.57]   0.592 [0.60]   0.684 [0.69]   0.668 [0.67]   0.657 [0.65]   0.903 [0.90]   1.000 [1.00]   0.980 [0.98]   0.952 [0.95]
    misalignment_s   0.179 [0.20]   0.456 [0.47]   0.544 [0.55]   0.550 [0.55]   0.547 [0.55]   0.650 [0.66]   0.656 [0.66]   0.660 [0.66]   0.843 [0.84]   0.980 [0.98]   1.000 [1.00]   0.991 [0.99]
    misalignment     0.198 [0.21]   0.468 [0.48]   0.561 [0.57]   0.575 [0.58]   0.548 [0.55]   0.655 [0.66]   0.670 [0.67]   0.681 [0.68]   0.811 [0.81]   0.952 [0.95]   0.991 [0.99]   1.000 [1.00]

  confidence
                     goodness_s0.   goodness_s0.   goodness_s0.       goodness   impulsivenes   impulsivenes   impulsivenes   impulsivenes   misalignment   misalignment   misalignment   misalignment
    goodness_s0.25   1.000 [1.00]   0.888 [0.89]   0.792 [0.79]   0.720 [0.72]   0.790 [0.79]   0.657 [0.65]   0.597 [0.59]   0.548 [0.54]   0.603 [0.61]   0.351 [0.36]   0.320 [0.33]   0.334 [0.34]
    goodness_s0.5    0.888 [0.89]   1.000 [1.00]   0.969 [0.97]   0.914 [0.91]   0.801 [0.79]   0.768 [0.76]   0.714 [0.70]   0.666 [0.65]   0.647 [0.65]   0.450 [0.46]   0.420 [0.43]   0.437 [0.45]
    goodness_s0.75   0.792 [0.79]   0.969 [0.97]   1.000 [1.00]   0.982 [0.98]   0.761 [0.75]   0.780 [0.77]   0.748 [0.74]   0.712 [0.70]   0.633 [0.64]   0.498 [0.51]   0.489 [0.50]   0.514 [0.52]
    goodness         0.720 [0.72]   0.914 [0.91]   0.982 [0.98]   1.000 [1.00]   0.713 [0.70]   0.756 [0.74]   0.741 [0.73]   0.718 [0.70]   0.614 [0.61]   0.524 [0.53]   0.531 [0.54]   0.563 [0.57]
    impulsiveness_   0.790 [0.79]   0.801 [0.79]   0.761 [0.75]   0.713 [0.70]   1.000 [1.00]   0.914 [0.91]   0.826 [0.82]   0.759 [0.75]   0.765 [0.77]   0.534 [0.54]   0.490 [0.50]   0.491 [0.50]
    impulsiveness_   0.657 [0.65]   0.768 [0.76]   0.780 [0.77]   0.756 [0.74]   0.914 [0.91]   1.000 [1.00]   0.965 [0.97]   0.919 [0.92]   0.708 [0.71]   0.584 [0.59]   0.561 [0.57]   0.573 [0.58]
    impulsiveness_   0.597 [0.59]   0.714 [0.70]   0.748 [0.74]   0.741 [0.73]   0.826 [0.82]   0.965 [0.97]   1.000 [1.00]   0.986 [0.99]   0.621 [0.62]   0.556 [0.56]   0.562 [0.57]   0.588 [0.59]
    impulsiveness    0.548 [0.54]   0.666 [0.65]   0.712 [0.70]   0.718 [0.70]   0.759 [0.75]   0.919 [0.92]   0.986 [0.99]   1.000 [1.00]   0.563 [0.56]   0.528 [0.53]   0.550 [0.56]   0.585 [0.59]
    misalignment_s   0.603 [0.61]   0.647 [0.65]   0.633 [0.64]   0.614 [0.61]   0.765 [0.77]   0.708 [0.71]   0.621 [0.62]   0.563 [0.56]   1.000 [1.00]   0.882 [0.88]   0.807 [0.81]   0.762 [0.76]
    misalignment_s   0.351 [0.36]   0.450 [0.46]   0.498 [0.51]   0.524 [0.53]   0.534 [0.54]   0.584 [0.59]   0.556 [0.56]   0.528 [0.53]   0.882 [0.88]   1.000 [1.00]   0.974 [0.97]   0.933 [0.93]
    misalignment_s   0.320 [0.33]   0.420 [0.43]   0.489 [0.50]   0.531 [0.54]   0.490 [0.50]   0.561 [0.57]   0.562 [0.57]   0.550 [0.56]   0.807 [0.81]   0.974 [0.97]   1.000 [1.00]   0.987 [0.99]
    misalignment     0.334 [0.34]   0.437 [0.45]   0.514 [0.52]   0.563 [0.57]   0.491 [0.50]   0.573 [0.58]   0.588 [0.59]   0.585 [0.59]   0.762 [0.76]   0.933 [0.93]   0.987 [0.99]   1.000 [1.00]

  deference
                     goodness_s0.   goodness_s0.   goodness_s0.       goodness   impulsivenes   impulsivenes   impulsivenes   impulsivenes   misalignment   misalignment   misalignment   misalignment
    goodness_s0.25   1.000 [1.00]   0.925 [0.92]   0.854 [0.84]   0.794 [0.78]   0.801 [0.79]   0.671 [0.65]   0.637 [0.61]   0.604 [0.57]   0.835 [0.82]   0.666 [0.65]   0.596 [0.58]   0.565 [0.55]
    goodness_s0.5    0.925 [0.92]   1.000 [1.00]   0.975 [0.97]   0.927 [0.93]   0.803 [0.79]   0.759 [0.74]   0.746 [0.72]   0.719 [0.69]   0.850 [0.84]   0.760 [0.75]   0.695 [0.69]   0.662 [0.65]
    goodness_s0.75   0.854 [0.84]   0.975 [0.97]   1.000 [1.00]   0.984 [0.98]   0.768 [0.75]   0.770 [0.75]   0.779 [0.75]   0.762 [0.73]   0.827 [0.81]   0.791 [0.78]   0.742 [0.73]   0.718 [0.71]
    goodness         0.794 [0.78]   0.927 [0.93]   0.984 [0.98]   1.000 [1.00]   0.724 [0.70]   0.746 [0.72]   0.771 [0.74]   0.764 [0.73]   0.789 [0.77]   0.779 [0.76]   0.745 [0.73]   0.730 [0.72]
    impulsiveness_   0.801 [0.79]   0.803 [0.79]   0.768 [0.75]   0.724 [0.70]   1.000 [1.00]   0.925 [0.92]   0.859 [0.85]   0.813 [0.80]   0.884 [0.88]   0.729 [0.72]   0.666 [0.66]   0.634 [0.63]
    impulsiveness_   0.671 [0.65]   0.759 [0.74]   0.770 [0.75]   0.746 [0.72]   0.925 [0.92]   1.000 [1.00]   0.971 [0.97]   0.934 [0.93]   0.815 [0.81]   0.771 [0.77]   0.719 [0.72]   0.689 [0.69]
    impulsiveness_   0.637 [0.61]   0.746 [0.72]   0.779 [0.75]   0.771 [0.74]   0.859 [0.85]   0.971 [0.97]   1.000 [1.00]   0.989 [0.99]   0.769 [0.75]   0.774 [0.77]   0.740 [0.74]   0.719 [0.72]
    impulsiveness    0.604 [0.57]   0.719 [0.69]   0.762 [0.73]   0.764 [0.73]   0.813 [0.80]   0.934 [0.93]   0.989 [0.99]   1.000 [1.00]   0.734 [0.71]   0.760 [0.75]   0.743 [0.73]   0.732 [0.72]
    misalignment_s   0.835 [0.82]   0.850 [0.84]   0.827 [0.81]   0.789 [0.77]   0.884 [0.88]   0.815 [0.81]   0.769 [0.75]   0.734 [0.71]   1.000 [1.00]   0.906 [0.90]   0.839 [0.83]   0.796 [0.79]
    misalignment_s   0.666 [0.65]   0.760 [0.75]   0.791 [0.78]   0.779 [0.76]   0.729 [0.72]   0.771 [0.77]   0.774 [0.77]   0.760 [0.75]   0.906 [0.90]   1.000 [1.00]   0.976 [0.98]   0.940 [0.94]
    misalignment_s   0.596 [0.58]   0.695 [0.69]   0.742 [0.73]   0.745 [0.73]   0.666 [0.66]   0.719 [0.72]   0.740 [0.74]   0.743 [0.73]   0.839 [0.83]   0.976 [0.98]   1.000 [1.00]   0.989 [0.99]
    misalignment     0.565 [0.55]   0.662 [0.65]   0.718 [0.71]   0.730 [0.72]   0.634 [0.63]   0.689 [0.69]   0.719 [0.72]   0.732 [0.72]   0.796 [0.79]   0.940 [0.94]   0.989 [0.99]   1.000 [1.00]

  warmth
                     goodness_s0.   goodness_s0.   goodness_s0.       goodness   impulsivenes   impulsivenes   impulsivenes   impulsivenes   misalignment   misalignment   misalignment   misalignment
    goodness_s0.25   1.000 [1.00]   0.892 [0.89]   0.841 [0.83]   0.803 [0.79]   0.823 [0.81]   0.719 [0.69]   0.636 [0.60]   0.565 [0.53]   0.643 [0.65]   0.407 [0.41]   0.334 [0.34]   0.321 [0.33]
    goodness_s0.5    0.892 [0.89]   1.000 [1.00]   0.979 [0.98]   0.942 [0.94]   0.853 [0.83]   0.824 [0.80]   0.721 [0.69]   0.635 [0.61]   0.744 [0.74]   0.545 [0.55]   0.465 [0.47]   0.449 [0.46]
    goodness_s0.75   0.841 [0.83]   0.979 [0.98]   1.000 [1.00]   0.988 [0.99]   0.849 [0.82]   0.846 [0.82]   0.757 [0.73]   0.677 [0.65]   0.744 [0.73]   0.575 [0.58]   0.510 [0.51]   0.502 [0.51]
    goodness         0.803 [0.79]   0.942 [0.94]   0.988 [0.99]   1.000 [1.00]   0.829 [0.80]   0.840 [0.80]   0.766 [0.73]   0.696 [0.66]   0.726 [0.71]   0.579 [0.57]   0.527 [0.53]   0.526 [0.53]
    impulsiveness_   0.823 [0.81]   0.853 [0.83]   0.849 [0.82]   0.829 [0.80]   1.000 [1.00]   0.924 [0.92]   0.810 [0.80]   0.721 [0.72]   0.810 [0.81]   0.620 [0.62]   0.559 [0.56]   0.548 [0.55]
    impulsiveness_   0.719 [0.69]   0.824 [0.80]   0.846 [0.82]   0.840 [0.80]   0.924 [0.92]   1.000 [1.00]   0.949 [0.95]   0.877 [0.88]   0.729 [0.73]   0.587 [0.59]   0.534 [0.55]   0.530 [0.54]
    impulsiveness_   0.636 [0.60]   0.721 [0.69]   0.757 [0.73]   0.766 [0.73]   0.810 [0.80]   0.949 [0.95]   1.000 [1.00]   0.980 [0.98]   0.561 [0.56]   0.445 [0.46]   0.412 [0.43]   0.420 [0.44]
    impulsiveness    0.565 [0.53]   0.635 [0.61]   0.677 [0.65]   0.696 [0.66]   0.721 [0.72]   0.877 [0.88]   0.980 [0.98]   1.000 [1.00]   0.449 [0.45]   0.347 [0.36]   0.328 [0.35]   0.345 [0.37]
    misalignment_s   0.643 [0.65]   0.744 [0.74]   0.744 [0.73]   0.726 [0.71]   0.810 [0.81]   0.729 [0.73]   0.561 [0.56]   0.449 [0.45]   1.000 [1.00]   0.923 [0.92]   0.859 [0.85]   0.823 [0.82]
    misalignment_s   0.407 [0.41]   0.545 [0.55]   0.575 [0.58]   0.579 [0.57]   0.620 [0.62]   0.587 [0.59]   0.445 [0.46]   0.347 [0.36]   0.923 [0.92]   1.000 [1.00]   0.981 [0.98]   0.953 [0.95]
    misalignment_s   0.334 [0.34]   0.465 [0.47]   0.510 [0.51]   0.527 [0.53]   0.559 [0.56]   0.534 [0.55]   0.412 [0.43]   0.328 [0.35]   0.859 [0.85]   0.981 [0.98]   1.000 [1.00]   0.991 [0.99]
    misalignment     0.321 [0.33]   0.449 [0.46]   0.502 [0.51]   0.526 [0.53]   0.548 [0.55]   0.530 [0.54]   0.420 [0.44]   0.345 [0.37]   0.823 [0.82]   0.953 [0.95]   0.991 [0.99]   1.000 [1.00]

  impulsivity
                     goodness_s0.   goodness_s0.   goodness_s0.       goodness   impulsivenes   impulsivenes   impulsivenes   impulsivenes   misalignment   misalignment   misalignment   misalignment
    goodness_s0.25   1.000 [1.00]   0.883 [0.88]   0.788 [0.79]   0.734 [0.73]   0.711 [0.71]   0.558 [0.55]   0.424 [0.42]   0.369 [0.37]   0.699 [0.70]   0.432 [0.43]   0.349 [0.35]   0.335 [0.34]
    goodness_s0.5    0.883 [0.88]   1.000 [1.00]   0.973 [0.97]   0.935 [0.93]   0.774 [0.77]   0.704 [0.70]   0.566 [0.56]   0.499 [0.50]   0.796 [0.79]   0.612 [0.61]   0.523 [0.52]   0.504 [0.50]
    goodness_s0.75   0.788 [0.79]   0.973 [0.97]   1.000 [1.00]   0.988 [0.99]   0.766 [0.76]   0.742 [0.73]   0.618 [0.61]   0.553 [0.55]   0.786 [0.78]   0.658 [0.66]   0.582 [0.58]   0.565 [0.56]
    goodness         0.734 [0.73]   0.935 [0.93]   0.988 [0.99]   1.000 [1.00]   0.728 [0.72]   0.719 [0.71]   0.602 [0.59]   0.541 [0.53]   0.743 [0.73]   0.632 [0.63]   0.563 [0.56]   0.549 [0.55]
    impulsiveness_   0.711 [0.71]   0.774 [0.77]   0.766 [0.76]   0.728 [0.72]   1.000 [1.00]   0.918 [0.92]   0.800 [0.80]   0.737 [0.74]   0.910 [0.91]   0.756 [0.75]   0.693 [0.69]   0.673 [0.67]
    impulsiveness_   0.558 [0.55]   0.704 [0.70]   0.742 [0.73]   0.719 [0.71]   0.918 [0.92]   1.000 [1.00]   0.955 [0.96]   0.912 [0.91]   0.862 [0.86]   0.852 [0.85]   0.822 [0.82]   0.810 [0.80]
    impulsiveness_   0.424 [0.42]   0.566 [0.56]   0.618 [0.61]   0.602 [0.59]   0.800 [0.80]   0.955 [0.96]   1.000 [1.00]   0.990 [0.99]   0.761 [0.76]   0.842 [0.84]   0.849 [0.84]   0.844 [0.84]
    impulsiveness    0.369 [0.37]   0.499 [0.50]   0.553 [0.55]   0.541 [0.53]   0.737 [0.74]   0.912 [0.91]   0.990 [0.99]   1.000 [1.00]   0.702 [0.70]   0.812 [0.81]   0.836 [0.83]   0.838 [0.83]
    misalignment_s   0.699 [0.70]   0.796 [0.79]   0.786 [0.78]   0.743 [0.73]   0.910 [0.91]   0.862 [0.86]   0.761 [0.76]   0.702 [0.70]   1.000 [1.00]   0.886 [0.88]   0.803 [0.80]   0.770 [0.77]
    misalignment_s   0.432 [0.43]   0.612 [0.61]   0.658 [0.66]   0.632 [0.63]   0.756 [0.75]   0.852 [0.85]   0.842 [0.84]   0.812 [0.81]   0.886 [0.88]   1.000 [1.00]   0.976 [0.98]   0.951 [0.95]
    misalignment_s   0.349 [0.35]   0.523 [0.52]   0.582 [0.58]   0.563 [0.56]   0.693 [0.69]   0.822 [0.82]   0.849 [0.84]   0.836 [0.83]   0.803 [0.80]   0.976 [0.98]   1.000 [1.00]   0.993 [0.99]
    misalignment     0.335 [0.34]   0.504 [0.50]   0.565 [0.56]   0.549 [0.55]   0.673 [0.67]   0.810 [0.80]   0.844 [0.84]   0.838 [0.83]   0.770 [0.77]   0.951 [0.95]   0.993 [0.99]   1.000 [1.00]

  MEAN over traits
                     goodness_s0.   goodness_s0.   goodness_s0.       goodness   impulsivenes   impulsivenes   impulsivenes   impulsivenes   misalignment   misalignment   misalignment   misalignment
    goodness_s0.25   1.000 [1.00]   0.888 [0.89]   0.807 [0.80]   0.752 [0.75]   0.764 [0.76]   0.624 [0.61]   0.546 [0.53]   0.494 [0.48]   0.643 [0.65]   0.384 [0.39]   0.323 [0.33]   0.317 [0.32]
    goodness_s0.5    0.888 [0.89]   1.000 [1.00]   0.972 [0.97]   0.927 [0.92]   0.804 [0.79]   0.756 [0.74]   0.674 [0.66]   0.616 [0.60]   0.734 [0.73]   0.536 [0.54]   0.467 [0.47]   0.458 [0.46]
    goodness_s0.75   0.807 [0.80]   0.972 [0.97]   1.000 [1.00]   0.985 [0.98]   0.783 [0.77]   0.776 [0.76]   0.712 [0.70]   0.661 [0.64]   0.727 [0.72]   0.575 [0.58]   0.519 [0.52]   0.515 [0.52]
    goodness         0.752 [0.75]   0.927 [0.92]   0.985 [0.98]   1.000 [1.00]   0.743 [0.73]   0.753 [0.74]   0.703 [0.68]   0.660 [0.64]   0.695 [0.69]   0.565 [0.56]   0.519 [0.52]   0.522 [0.52]
    impulsiveness_   0.764 [0.76]   0.804 [0.79]   0.783 [0.77]   0.743 [0.73]   1.000 [1.00]   0.920 [0.92]   0.833 [0.83]   0.772 [0.77]   0.838 [0.84]   0.639 [0.64]   0.581 [0.58]   0.569 [0.57]
    impulsiveness_   0.624 [0.61]   0.756 [0.74]   0.776 [0.76]   0.753 [0.74]   0.920 [0.92]   1.000 [1.00]   0.964 [0.96]   0.918 [0.92]   0.790 [0.79]   0.697 [0.70]   0.656 [0.66]   0.649 [0.65]
    impulsiveness_   0.546 [0.53]   0.674 [0.66]   0.712 [0.70]   0.703 [0.68]   0.833 [0.83]   0.964 [0.96]   1.000 [1.00]   0.987 [0.99]   0.701 [0.69]   0.665 [0.67]   0.650 [0.65]   0.654 [0.66]
    impulsiveness    0.494 [0.48]   0.616 [0.60]   0.661 [0.64]   0.660 [0.64]   0.772 [0.77]   0.918 [0.92]   0.987 [0.99]   1.000 [1.00]   0.644 [0.64]   0.635 [0.63]   0.636 [0.64]   0.648 [0.65]
    misalignment_s   0.643 [0.65]   0.734 [0.73]   0.727 [0.72]   0.695 [0.69]   0.838 [0.84]   0.790 [0.79]   0.701 [0.69]   0.644 [0.64]   1.000 [1.00]   0.890 [0.89]   0.816 [0.81]   0.781 [0.78]
    misalignment_s   0.384 [0.39]   0.536 [0.54]   0.575 [0.58]   0.565 [0.56]   0.639 [0.64]   0.697 [0.70]   0.665 [0.67]   0.635 [0.63]   0.890 [0.89]   1.000 [1.00]   0.977 [0.98]   0.947 [0.95]
    misalignment_s   0.323 [0.33]   0.467 [0.47]   0.519 [0.52]   0.519 [0.52]   0.581 [0.58]   0.656 [0.66]   0.650 [0.65]   0.636 [0.64]   0.816 [0.81]   0.977 [0.98]   1.000 [1.00]   0.991 [0.99]
    misalignment     0.317 [0.32]   0.458 [0.46]   0.515 [0.52]   0.522 [0.52]   0.569 [0.57]   0.649 [0.65]   0.654 [0.66]   0.648 [0.65]   0.781 [0.78]   0.947 [0.95]   0.991 [0.99]   1.000 [1.00]