
==============================================================================================
LAYER 15   (8 traits x 10 semantic personas, cross-fitted over 40 half-splits)
==============================================================================================

TABLE 1.  ||dG_{c,t}|| / mean_p||V_base_{t,p}||
  the persona-common shift, as a fraction of the base trait vector it displaces

trait              random_perm_s8  random_perm_s12  random_perm_s16   goodness_s0.25    goodness_s0.5   goodness_s0.75         goodness
assertiveness               0.320            0.500            0.657            0.326            0.403            0.513            0.637
empathy                     0.305            0.480            0.666            0.287            0.413            0.524            0.616
risk_taking                 0.295            0.463            0.631            0.305            0.405            0.524            0.635
honesty                     0.343            0.537            0.697            0.300            0.394            0.493            0.588
confidence                  0.345            0.541            0.733            0.313            0.386            0.497            0.609
deference                   0.341            0.509            0.644            0.300            0.419            0.550            0.684
warmth                      0.337            0.519            0.691            0.266            0.386            0.495            0.584
impulsivity                 0.300            0.470            0.606            0.269            0.362            0.470            0.562
MEAN                        0.323            0.503            0.666            0.296            0.396            0.508            0.614

TABLE 2.  ||dG_{c,t}||^2 / mean_p||dV_{c,t,p}||^2
  SHARE of this adapter's total change carried by the common shift (exact partition)

trait              random_perm_s8  random_perm_s12  random_perm_s16   goodness_s0.25    goodness_s0.5   goodness_s0.75         goodness
assertiveness               0.595            0.597            0.617            0.724            0.683            0.688            0.710
empathy                     0.509            0.530            0.599            0.595            0.582            0.594            0.608
risk_taking                 0.622            0.630            0.650            0.690            0.668            0.678            0.693
honesty                     0.688            0.711            0.730            0.783            0.758            0.750            0.756
confidence                  0.659            0.660            0.669            0.706            0.664            0.670            0.692
deference                   0.618            0.613            0.597            0.591            0.588            0.601            0.627
warmth                      0.490            0.520            0.615            0.616            0.603            0.606            0.605
impulsivity                 0.639            0.653            0.649            0.665            0.645            0.657            0.674
MEAN                        0.603            0.614            0.641            0.671            0.649            0.655            0.670

TABLE 2b. ||dG_{c,t}|| / mean_p||dV_{c,t,p}||
  the same thing in LINEAR units (the sqrt of table 2) -- not a share

trait              random_perm_s8  random_perm_s12  random_perm_s16   goodness_s0.25    goodness_s0.5   goodness_s0.75         goodness
assertiveness               0.771            0.773            0.786            0.851            0.826            0.830            0.842
empathy                     0.713            0.728            0.774            0.772            0.763            0.771            0.780
risk_taking                 0.789            0.793            0.806            0.831            0.818            0.823            0.833
honesty                     0.830            0.843            0.854            0.885            0.871            0.866            0.869
confidence                  0.812            0.812            0.818            0.840            0.815            0.818            0.832
deference                   0.786            0.783            0.773            0.769            0.767            0.775            0.792
warmth                      0.700            0.721            0.784            0.785            0.777            0.778            0.778
impulsivity                 0.800            0.808            0.806            0.816            0.803            0.811            0.821
MEAN                        0.775            0.783            0.800            0.818            0.805            0.809            0.818

TABLE 1n. table 1 computed NAIVELY (no cross-fitting), for comparison
  the gap is the noise the cross-fitted estimator removes

trait              random_perm_s8  random_perm_s12  random_perm_s16   goodness_s0.25    goodness_s0.5   goodness_s0.75         goodness
assertiveness               0.310            0.484            0.642            0.312            0.390            0.497            0.617
empathy                     0.293            0.462            0.646            0.273            0.393            0.499            0.588
risk_taking                 0.277            0.436            0.604            0.285            0.381            0.494            0.600
honesty                     0.330            0.515            0.674            0.287            0.379            0.476            0.569
confidence                  0.330            0.518            0.705            0.299            0.371            0.479            0.588
deference                   0.311            0.468            0.606            0.273            0.383            0.503            0.626
warmth                      0.314            0.487            0.659            0.250            0.362            0.464            0.552
impulsivity                 0.289            0.455            0.596            0.260            0.352            0.458            0.550
MEAN                        0.307            0.478            0.641            0.280            0.376            0.484            0.586


TABLE 3.  cos(dG_c, dG_c') per trait  [cross-fitted; naive in brackets]
  are the constitutions adding the SAME shift, or only shifts of similar size?

  assertiveness
                     random_perm_   random_perm_   random_perm_   goodness_s0.   goodness_s0.   goodness_s0.       goodness
    random_perm_s8   1.000 [1.00]   0.940 [0.94]   0.790 [0.78]  -0.064 [-0.06]  -0.053 [-0.05]  -0.053 [-0.05]  -0.047 [-0.04]
    random_perm_s1   0.940 [0.94]   1.000 [1.00]   0.938 [0.93]  -0.010 [-0.01]   0.000 [-0.00]   0.004 [0.00]   0.015 [0.02]
    random_perm_s1   0.790 [0.78]   0.938 [0.93]   1.000 [1.00]   0.007 [0.00]   0.050 [0.05]   0.064 [0.06]   0.075 [0.08]
    goodness_s0.25  -0.064 [-0.06]  -0.010 [-0.01]   0.007 [0.00]   1.000 [1.00]   0.867 [0.87]   0.756 [0.76]   0.698 [0.70]
    goodness_s0.5   -0.053 [-0.05]   0.000 [-0.00]   0.050 [0.05]   0.867 [0.87]   1.000 [1.00]   0.965 [0.97]   0.915 [0.91]
    goodness_s0.75  -0.053 [-0.05]   0.004 [0.00]   0.064 [0.06]   0.756 [0.76]   0.965 [0.97]   1.000 [1.00]   0.985 [0.98]
    goodness        -0.047 [-0.04]   0.015 [0.02]   0.075 [0.08]   0.698 [0.70]   0.915 [0.91]   0.985 [0.98]   1.000 [1.00]

  empathy
                     random_perm_   random_perm_   random_perm_   goodness_s0.   goodness_s0.   goodness_s0.       goodness
    random_perm_s8   1.000 [1.00]   0.924 [0.92]   0.681 [0.68]  -0.122 [-0.11]  -0.083 [-0.08]  -0.068 [-0.06]  -0.057 [-0.04]
    random_perm_s1   0.924 [0.92]   1.000 [1.00]   0.886 [0.88]  -0.128 [-0.12]  -0.073 [-0.07]  -0.049 [-0.04]  -0.026 [-0.01]
    random_perm_s1   0.681 [0.68]   0.886 [0.88]   1.000 [1.00]  -0.119 [-0.12]  -0.048 [-0.05]  -0.015 [-0.01]   0.018 [0.03]
    goodness_s0.25  -0.122 [-0.11]  -0.128 [-0.12]  -0.119 [-0.12]   1.000 [1.00]   0.908 [0.91]   0.848 [0.84]   0.799 [0.79]
    goodness_s0.5   -0.083 [-0.08]  -0.073 [-0.07]  -0.048 [-0.05]   0.908 [0.91]   1.000 [1.00]   0.976 [0.98]   0.932 [0.93]
    goodness_s0.75  -0.068 [-0.06]  -0.049 [-0.04]  -0.015 [-0.01]   0.848 [0.84]   0.976 [0.98]   1.000 [1.00]   0.985 [0.98]
    goodness        -0.057 [-0.04]  -0.026 [-0.01]   0.018 [0.03]   0.799 [0.79]   0.932 [0.93]   0.985 [0.98]   1.000 [1.00]

  risk_taking
                     random_perm_   random_perm_   random_perm_   goodness_s0.   goodness_s0.   goodness_s0.       goodness
    random_perm_s8   1.000 [1.00]   0.943 [0.94]   0.782 [0.77]  -0.181 [-0.16]  -0.154 [-0.13]  -0.141 [-0.12]  -0.125 [-0.11]
    random_perm_s1   0.943 [0.94]   1.000 [1.00]   0.933 [0.92]  -0.172 [-0.15]  -0.146 [-0.13]  -0.130 [-0.11]  -0.115 [-0.09]
    random_perm_s1   0.782 [0.77]   0.933 [0.92]   1.000 [1.00]  -0.153 [-0.14]  -0.127 [-0.11]  -0.113 [-0.09]  -0.109 [-0.07]
    goodness_s0.25  -0.181 [-0.16]  -0.172 [-0.15]  -0.153 [-0.14]   1.000 [1.00]   0.908 [0.90]   0.841 [0.83]   0.784 [0.77]
    goodness_s0.5   -0.154 [-0.13]  -0.146 [-0.13]  -0.127 [-0.11]   0.908 [0.90]   1.000 [1.00]   0.974 [0.97]   0.928 [0.93]
    goodness_s0.75  -0.141 [-0.12]  -0.130 [-0.11]  -0.113 [-0.09]   0.841 [0.83]   0.974 [0.97]   1.000 [1.00]   0.985 [0.98]
    goodness        -0.125 [-0.11]  -0.115 [-0.09]  -0.109 [-0.07]   0.784 [0.77]   0.928 [0.93]   0.985 [0.98]   1.000 [1.00]

  honesty
                     random_perm_   random_perm_   random_perm_   goodness_s0.   goodness_s0.   goodness_s0.       goodness
    random_perm_s8   1.000 [1.00]   0.947 [0.95]   0.749 [0.75]  -0.031 [-0.03]   0.052 [0.05]   0.056 [0.06]   0.066 [0.07]
    random_perm_s1   0.947 [0.95]   1.000 [1.00]   0.905 [0.90]  -0.020 [-0.02]   0.102 [0.10]   0.122 [0.12]   0.138 [0.14]
    random_perm_s1   0.749 [0.75]   0.905 [0.90]   1.000 [1.00]  -0.063 [-0.06]   0.130 [0.12]   0.184 [0.18]   0.209 [0.21]
    goodness_s0.25  -0.031 [-0.03]  -0.020 [-0.02]  -0.063 [-0.06]   1.000 [1.00]   0.837 [0.84]   0.737 [0.74]   0.687 [0.68]
    goodness_s0.5    0.052 [0.05]   0.102 [0.10]   0.130 [0.12]   0.837 [0.84]   1.000 [1.00]   0.968 [0.97]   0.925 [0.92]
    goodness_s0.75   0.056 [0.06]   0.122 [0.12]   0.184 [0.18]   0.737 [0.74]   0.968 [0.97]   1.000 [1.00]   0.987 [0.99]
    goodness         0.066 [0.07]   0.138 [0.14]   0.209 [0.21]   0.687 [0.68]   0.925 [0.92]   0.987 [0.99]   1.000 [1.00]

  confidence
                     random_perm_   random_perm_   random_perm_   goodness_s0.   goodness_s0.   goodness_s0.       goodness
    random_perm_s8   1.000 [1.00]   0.942 [0.94]   0.743 [0.74]  -0.072 [-0.07]  -0.072 [-0.07]  -0.072 [-0.06]  -0.078 [-0.07]
    random_perm_s1   0.942 [0.94]   1.000 [1.00]   0.908 [0.91]  -0.057 [-0.05]  -0.060 [-0.05]  -0.056 [-0.05]  -0.061 [-0.05]
    random_perm_s1   0.743 [0.74]   0.908 [0.91]   1.000 [1.00]  -0.050 [-0.05]  -0.054 [-0.05]  -0.043 [-0.03]  -0.044 [-0.03]
    goodness_s0.25  -0.072 [-0.07]  -0.057 [-0.05]  -0.050 [-0.05]   1.000 [1.00]   0.888 [0.89]   0.793 [0.79]   0.720 [0.72]
    goodness_s0.5   -0.072 [-0.07]  -0.060 [-0.05]  -0.054 [-0.05]   0.888 [0.89]   1.000 [1.00]   0.969 [0.97]   0.914 [0.91]
    goodness_s0.75  -0.072 [-0.06]  -0.056 [-0.05]  -0.043 [-0.03]   0.793 [0.79]   0.969 [0.97]   1.000 [1.00]   0.982 [0.98]
    goodness        -0.078 [-0.07]  -0.061 [-0.05]  -0.044 [-0.03]   0.720 [0.72]   0.914 [0.91]   0.982 [0.98]   1.000 [1.00]

  deference
                     random_perm_   random_perm_   random_perm_   goodness_s0.   goodness_s0.   goodness_s0.       goodness
    random_perm_s8   1.000 [1.00]   0.939 [0.94]   0.734 [0.73]  -0.210 [-0.19]  -0.212 [-0.19]  -0.209 [-0.18]  -0.207 [-0.18]
    random_perm_s1   0.939 [0.94]   1.000 [1.00]   0.908 [0.90]  -0.218 [-0.19]  -0.200 [-0.18]  -0.184 [-0.16]  -0.174 [-0.14]
    random_perm_s1   0.734 [0.73]   0.908 [0.90]   1.000 [1.00]  -0.194 [-0.17]  -0.148 [-0.13]  -0.116 [-0.09]  -0.093 [-0.06]
    goodness_s0.25  -0.210 [-0.19]  -0.218 [-0.19]  -0.194 [-0.17]   1.000 [1.00]   0.923 [0.92]   0.851 [0.84]   0.791 [0.78]
    goodness_s0.5   -0.212 [-0.19]  -0.200 [-0.18]  -0.148 [-0.13]   0.923 [0.92]   1.000 [1.00]   0.975 [0.97]   0.927 [0.93]
    goodness_s0.75  -0.209 [-0.18]  -0.184 [-0.16]  -0.116 [-0.09]   0.851 [0.84]   0.975 [0.97]   1.000 [1.00]   0.984 [0.98]
    goodness        -0.207 [-0.18]  -0.174 [-0.14]  -0.093 [-0.06]   0.791 [0.78]   0.927 [0.93]   0.984 [0.98]   1.000 [1.00]

  warmth
                     random_perm_   random_perm_   random_perm_   goodness_s0.   goodness_s0.   goodness_s0.       goodness
    random_perm_s8   1.000 [1.00]   0.913 [0.92]   0.680 [0.68]  -0.170 [-0.15]  -0.109 [-0.09]  -0.074 [-0.06]  -0.050 [-0.03]
    random_perm_s1   0.913 [0.92]   1.000 [1.00]   0.905 [0.90]  -0.165 [-0.15]  -0.073 [-0.06]  -0.033 [-0.02]  -0.006 [0.01]
    random_perm_s1   0.680 [0.68]   0.905 [0.90]   1.000 [1.00]  -0.161 [-0.15]  -0.043 [-0.04]  -0.005 [0.01]   0.018 [0.04]
    goodness_s0.25  -0.170 [-0.15]  -0.165 [-0.15]  -0.161 [-0.15]   1.000 [1.00]   0.893 [0.89]   0.844 [0.83]   0.808 [0.79]
    goodness_s0.5   -0.109 [-0.09]  -0.073 [-0.06]  -0.043 [-0.04]   0.893 [0.89]   1.000 [1.00]   0.979 [0.98]   0.944 [0.94]
    goodness_s0.75  -0.074 [-0.06]  -0.033 [-0.02]  -0.005 [0.01]   0.844 [0.83]   0.979 [0.98]   1.000 [1.00]   0.989 [0.99]
    goodness        -0.050 [-0.03]  -0.006 [0.01]   0.018 [0.04]   0.808 [0.79]   0.944 [0.94]   0.989 [0.99]   1.000 [1.00]

  impulsivity
                     random_perm_   random_perm_   random_perm_   goodness_s0.   goodness_s0.   goodness_s0.       goodness
    random_perm_s8   1.000 [1.00]   0.952 [0.95]   0.779 [0.77]  -0.164 [-0.15]  -0.172 [-0.15]  -0.182 [-0.16]  -0.176 [-0.15]
    random_perm_s1   0.952 [0.95]   1.000 [1.00]   0.915 [0.91]  -0.132 [-0.12]  -0.117 [-0.10]  -0.121 [-0.10]  -0.119 [-0.09]
    random_perm_s1   0.779 [0.77]   0.915 [0.91]   1.000 [1.00]  -0.062 [-0.06]   0.008 [0.01]   0.021 [0.03]   0.018 [0.04]
    goodness_s0.25  -0.164 [-0.15]  -0.132 [-0.12]  -0.062 [-0.06]   1.000 [1.00]   0.883 [0.88]   0.788 [0.79]   0.735 [0.73]
    goodness_s0.5   -0.172 [-0.15]  -0.117 [-0.10]   0.008 [0.01]   0.883 [0.88]   1.000 [1.00]   0.973 [0.97]   0.935 [0.93]
    goodness_s0.75  -0.182 [-0.16]  -0.121 [-0.10]   0.021 [0.03]   0.788 [0.79]   0.973 [0.97]   1.000 [1.00]   0.988 [0.99]
    goodness        -0.176 [-0.15]  -0.119 [-0.09]   0.018 [0.04]   0.735 [0.73]   0.935 [0.93]   0.988 [0.99]   1.000 [1.00]

  MEAN over traits
                     random_perm_   random_perm_   random_perm_   goodness_s0.   goodness_s0.   goodness_s0.       goodness
    random_perm_s8   1.000 [1.00]   0.937 [0.94]   0.742 [0.74]  -0.127 [-0.11]  -0.100 [-0.09]  -0.093 [-0.08]  -0.084 [-0.07]
    random_perm_s1   0.937 [0.94]   1.000 [1.00]   0.912 [0.91]  -0.113 [-0.10]  -0.071 [-0.06]  -0.056 [-0.04]  -0.043 [-0.03]
    random_perm_s1   0.742 [0.74]   0.912 [0.91]   1.000 [1.00]  -0.099 [-0.09]  -0.029 [-0.02]  -0.003 [0.01]   0.012 [0.03]
    goodness_s0.25  -0.127 [-0.11]  -0.113 [-0.10]  -0.099 [-0.09]   1.000 [1.00]   0.888 [0.89]   0.807 [0.80]   0.753 [0.75]
    goodness_s0.5   -0.100 [-0.09]  -0.071 [-0.06]  -0.029 [-0.02]   0.888 [0.89]   1.000 [1.00]   0.972 [0.97]   0.927 [0.92]
    goodness_s0.75  -0.093 [-0.08]  -0.056 [-0.04]  -0.003 [0.01]   0.807 [0.80]   0.972 [0.97]   1.000 [1.00]   0.986 [0.98]
    goodness        -0.084 [-0.07]  -0.043 [-0.03]   0.012 [0.03]   0.753 [0.75]   0.927 [0.92]   0.986 [0.98]   1.000 [1.00]