
==============================================================================================
LAYER 15   (8 traits x 10 semantic personas, cross-fitted over 40 half-splits)
==============================================================================================

TABLE 1.  ||dG_{c,t}|| / mean_p||V_base_{t,p}||
  the persona-common shift, as a fraction of the base trait vector it displaces

trait                    goodness     mathematical    impulsiveness     misalignment   random_iid_s16  random_spec_s19  random_perm_s16
assertiveness               0.637            0.586            0.644            1.148            0.591            0.596            0.657
empathy                     0.607            0.578            0.641            0.880            0.576            0.657            0.659
risk_taking                 0.629            0.577            1.097            1.022            0.648            0.655            0.626
honesty                     0.585            0.558            0.617            0.755            0.596            0.615            0.693
confidence                  0.608            0.662            0.679            0.810            0.695            0.670            0.732
deference                   0.662            0.541            0.645            0.738            0.575            0.671            0.627
warmth                      0.570            0.568            0.696            0.914            0.580            0.647            0.674
impulsivity                 0.562            0.526            1.154            1.060            0.539            0.539            0.606
MEAN                        0.607            0.574            0.772            0.916            0.600            0.631            0.659

TABLE 2.  ||dG_{c,t}||^2 / mean_p||dV_{c,t,p}||^2
  SHARE of this adapter's total change carried by the common shift (exact partition)

trait                    goodness     mathematical    impulsiveness     misalignment   random_iid_s16  random_spec_s19  random_perm_s16
assertiveness               0.710            0.723            0.684            0.826            0.673            0.648            0.617
empathy                     0.610            0.628            0.634            0.727            0.594            0.610            0.601
risk_taking                 0.694            0.698            0.843            0.820            0.681            0.688            0.652
honesty                     0.756            0.746            0.737            0.775            0.734            0.728            0.729
confidence                  0.691            0.751            0.718            0.750            0.712            0.667            0.669
deference                   0.631            0.607            0.626            0.650            0.568            0.625            0.603
warmth                      0.613            0.654            0.700            0.769            0.630            0.657            0.621
impulsivity                 0.676            0.667            0.843            0.813            0.637            0.640            0.652
MEAN                        0.673            0.684            0.723            0.766            0.654            0.658            0.643

TABLE 2b. ||dG_{c,t}|| / mean_p||dV_{c,t,p}||
  the same thing in LINEAR units (the sqrt of table 2) -- not a share

trait                    goodness     mathematical    impulsiveness     misalignment   random_iid_s16  random_spec_s19  random_perm_s16
assertiveness               0.842            0.851            0.827            0.909            0.820            0.805            0.786
empathy                     0.781            0.793            0.796            0.852            0.771            0.781            0.776
risk_taking                 0.833            0.835            0.918            0.905            0.825            0.829            0.807
honesty                     0.869            0.864            0.858            0.880            0.857            0.853            0.854
confidence                  0.831            0.867            0.847            0.866            0.844            0.817            0.818
deference                   0.794            0.779            0.791            0.806            0.754            0.790            0.777
warmth                      0.783            0.809            0.836            0.877            0.794            0.810            0.788
impulsivity                 0.822            0.817            0.918            0.902            0.798            0.800            0.807
MEAN                        0.820            0.827            0.849            0.875            0.808            0.811            0.802

TABLE 1n. table 1 computed NAIVELY (no cross-fitting), for comparison
  the gap is the noise the cross-fitted estimator removes

trait                    goodness     mathematical    impulsiveness     misalignment   random_iid_s16  random_spec_s19  random_perm_s16
assertiveness               0.617            0.569            0.626            1.084            0.576            0.582            0.642
empathy                     0.588            0.563            0.625            0.842            0.564            0.640            0.646
risk_taking                 0.600            0.551            1.007            0.939            0.615            0.621            0.604
honesty                     0.569            0.546            0.602            0.724            0.581            0.599            0.674
confidence                  0.588            0.635            0.656            0.771            0.667            0.646            0.705
deference                   0.626            0.521            0.616            0.694            0.555            0.638            0.606
warmth                      0.552            0.551            0.671            0.862            0.566            0.628            0.659
impulsivity                 0.550            0.514            1.093            1.004            0.529            0.531            0.596
MEAN                        0.586            0.556            0.737            0.865            0.581            0.611            0.641


TABLE 3.  cos(dG_c, dG_c') per trait  [cross-fitted; naive in brackets]
  are the constitutions adding the SAME shift, or only shifts of similar size?

  assertiveness
                         goodness   mathematical   impulsivenes   misalignment   random_iid_s   random_spec_   random_perm_
    goodness         1.000 [1.00]   0.847 [0.83]   0.545 [0.54]   0.123 [0.14]   0.272 [0.27]   0.043 [0.05]   0.075 [0.08]
    mathematical     0.847 [0.83]   1.000 [1.00]   0.603 [0.60]   0.231 [0.25]   0.290 [0.28]   0.066 [0.06]   0.149 [0.14]
    impulsiveness    0.545 [0.54]   0.603 [0.60]   1.000 [1.00]   0.684 [0.68]   0.223 [0.22]   0.116 [0.11]   0.188 [0.18]
    misalignment     0.123 [0.14]   0.231 [0.25]   0.684 [0.68]   1.000 [1.00]   0.063 [0.07]   0.146 [0.14]   0.125 [0.12]
    random_iid_s16   0.272 [0.27]   0.290 [0.28]   0.223 [0.22]   0.063 [0.07]   1.000 [1.00]   0.162 [0.17]   0.390 [0.39]
    random_spec_s1   0.043 [0.05]   0.066 [0.06]   0.116 [0.11]   0.146 [0.14]   0.162 [0.17]   1.000 [1.00]   0.365 [0.36]
    random_perm_s1   0.075 [0.08]   0.149 [0.14]   0.188 [0.18]   0.125 [0.12]   0.390 [0.39]   0.365 [0.36]   1.000 [1.00]

  empathy
                         goodness   mathematical   impulsivenes   misalignment   random_iid_s   random_spec_   random_perm_
    goodness         1.000 [1.00]   0.838 [0.82]   0.745 [0.73]   0.579 [0.58]   0.234 [0.23]   0.037 [0.04]   0.018 [0.03]
    mathematical     0.838 [0.82]   1.000 [1.00]   0.775 [0.76]   0.558 [0.56]   0.259 [0.25]   0.071 [0.07]   0.029 [0.03]
    impulsiveness    0.745 [0.73]   0.775 [0.76]   1.000 [1.00]   0.528 [0.53]   0.302 [0.29]   0.058 [0.05]   0.114 [0.12]
    misalignment     0.579 [0.58]   0.558 [0.56]   0.528 [0.53]   1.000 [1.00]   0.352 [0.34]   0.339 [0.32]   0.311 [0.30]
    random_iid_s16   0.234 [0.23]   0.259 [0.25]   0.302 [0.29]   0.352 [0.34]   1.000 [1.00]   0.338 [0.34]   0.499 [0.49]
    random_spec_s1   0.037 [0.04]   0.071 [0.07]   0.058 [0.05]   0.339 [0.32]   0.338 [0.34]   1.000 [1.00]   0.514 [0.51]
    random_perm_s1   0.018 [0.03]   0.029 [0.03]   0.114 [0.12]   0.311 [0.30]   0.499 [0.49]   0.514 [0.51]   1.000 [1.00]

  risk_taking
                         goodness   mathematical   impulsivenes   misalignment   random_iid_s   random_spec_   random_perm_
    goodness         1.000 [1.00]   0.838 [0.82]   0.510 [0.51]   0.526 [0.53]   0.205 [0.21]   0.049 [0.06]  -0.102 [-0.07]
    mathematical     0.838 [0.82]   1.000 [1.00]   0.545 [0.54]   0.486 [0.49]   0.213 [0.21]   0.086 [0.08]  -0.016 [-0.01]
    impulsiveness    0.510 [0.51]   0.545 [0.54]   1.000 [1.00]   0.792 [0.79]   0.219 [0.21]   0.151 [0.15]   0.044 [0.05]
    misalignment     0.526 [0.53]   0.486 [0.49]   0.792 [0.79]   1.000 [1.00]   0.227 [0.22]   0.122 [0.12]   0.054 [0.06]
    random_iid_s16   0.205 [0.21]   0.213 [0.21]   0.219 [0.21]   0.227 [0.22]   1.000 [1.00]   0.141 [0.15]   0.224 [0.24]
    random_spec_s1   0.049 [0.06]   0.086 [0.08]   0.151 [0.15]   0.122 [0.12]   0.141 [0.15]   1.000 [1.00]   0.210 [0.23]
    random_perm_s1  -0.102 [-0.07]  -0.016 [-0.01]   0.044 [0.05]   0.054 [0.06]   0.224 [0.24]   0.210 [0.23]   1.000 [1.00]

  honesty
                         goodness   mathematical   impulsivenes   misalignment   random_iid_s   random_spec_   random_perm_
    goodness         1.000 [1.00]   0.866 [0.85]   0.751 [0.73]   0.576 [0.58]   0.321 [0.31]   0.220 [0.22]   0.207 [0.21]
    mathematical     0.866 [0.85]   1.000 [1.00]   0.819 [0.80]   0.597 [0.60]   0.343 [0.33]   0.280 [0.26]   0.289 [0.27]
    impulsiveness    0.751 [0.73]   0.819 [0.80]   1.000 [1.00]   0.680 [0.68]   0.387 [0.37]   0.292 [0.28]   0.333 [0.32]
    misalignment     0.576 [0.58]   0.597 [0.60]   0.680 [0.68]   1.000 [1.00]   0.367 [0.35]   0.337 [0.32]   0.330 [0.32]
    random_iid_s16   0.321 [0.31]   0.343 [0.33]   0.387 [0.37]   0.367 [0.35]   1.000 [1.00]   0.293 [0.29]   0.467 [0.46]
    random_spec_s1   0.220 [0.22]   0.280 [0.26]   0.292 [0.28]   0.337 [0.32]   0.293 [0.29]   1.000 [1.00]   0.430 [0.42]
    random_perm_s1   0.207 [0.21]   0.289 [0.27]   0.333 [0.32]   0.330 [0.32]   0.467 [0.46]   0.430 [0.42]   1.000 [1.00]

  confidence
                         goodness   mathematical   impulsivenes   misalignment   random_iid_s   random_spec_   random_perm_
    goodness         1.000 [1.00]   0.753 [0.75]   0.718 [0.70]   0.563 [0.57]   0.245 [0.25]   0.088 [0.09]  -0.048 [-0.03]
    mathematical     0.753 [0.75]   1.000 [1.00]   0.702 [0.69]   0.302 [0.32]   0.279 [0.27]   0.108 [0.10]   0.099 [0.10]
    impulsiveness    0.718 [0.70]   0.702 [0.69]   1.000 [1.00]   0.585 [0.59]   0.248 [0.24]   0.126 [0.12]   0.033 [0.04]
    misalignment     0.563 [0.57]   0.302 [0.32]   0.585 [0.59]   1.000 [1.00]   0.146 [0.15]   0.057 [0.06]  -0.066 [-0.05]
    random_iid_s16   0.245 [0.25]   0.279 [0.27]   0.248 [0.24]   0.146 [0.15]   1.000 [1.00]   0.136 [0.14]   0.298 [0.30]
    random_spec_s1   0.088 [0.09]   0.108 [0.10]   0.126 [0.12]   0.057 [0.06]   0.136 [0.14]   1.000 [1.00]   0.192 [0.20]
    random_perm_s1  -0.048 [-0.03]   0.099 [0.10]   0.033 [0.04]  -0.066 [-0.05]   0.298 [0.30]   0.192 [0.20]   1.000 [1.00]

  deference
                         goodness   mathematical   impulsivenes   misalignment   random_iid_s   random_spec_   random_perm_
    goodness         1.000 [1.00]   0.827 [0.81]   0.751 [0.73]   0.725 [0.72]   0.218 [0.22]   0.216 [0.21]  -0.090 [-0.06]
    mathematical     0.827 [0.81]   1.000 [1.00]   0.761 [0.74]   0.714 [0.70]   0.231 [0.22]   0.134 [0.12]  -0.072 [-0.05]
    impulsiveness    0.751 [0.73]   0.761 [0.74]   1.000 [1.00]   0.729 [0.72]   0.356 [0.33]   0.120 [0.11]  -0.005 [0.02]
    misalignment     0.725 [0.72]   0.714 [0.70]   0.729 [0.72]   1.000 [1.00]   0.297 [0.28]   0.183 [0.18]   0.011 [0.03]
    random_iid_s16   0.218 [0.22]   0.231 [0.22]   0.356 [0.33]   0.297 [0.28]   1.000 [1.00]   0.185 [0.19]   0.289 [0.30]
    random_spec_s1   0.216 [0.21]   0.134 [0.12]   0.120 [0.11]   0.183 [0.18]   0.185 [0.19]   1.000 [1.00]   0.359 [0.36]
    random_perm_s1  -0.090 [-0.06]  -0.072 [-0.05]  -0.005 [0.02]   0.011 [0.03]   0.289 [0.30]   0.359 [0.36]   1.000 [1.00]

  warmth
                         goodness   mathematical   impulsivenes   misalignment   random_iid_s   random_spec_   random_perm_
    goodness         1.000 [1.00]   0.838 [0.81]   0.686 [0.66]   0.527 [0.53]   0.259 [0.25]   0.042 [0.06]   0.022 [0.04]
    mathematical     0.838 [0.81]   1.000 [1.00]   0.735 [0.72]   0.398 [0.41]   0.290 [0.27]  -0.017 [-0.01]  -0.017 [-0.01]
    impulsiveness    0.686 [0.66]   0.735 [0.72]   1.000 [1.00]   0.350 [0.37]   0.356 [0.33]   0.026 [0.02]   0.103 [0.11]
    misalignment     0.527 [0.53]   0.398 [0.41]   0.350 [0.37]   1.000 [1.00]   0.244 [0.24]   0.323 [0.31]   0.317 [0.30]
    random_iid_s16   0.259 [0.25]   0.290 [0.27]   0.356 [0.33]   0.244 [0.24]   1.000 [1.00]   0.175 [0.19]   0.440 [0.44]
    random_spec_s1   0.042 [0.06]  -0.017 [-0.01]   0.026 [0.02]   0.323 [0.31]   0.175 [0.19]   1.000 [1.00]   0.447 [0.44]
    random_perm_s1   0.022 [0.04]  -0.017 [-0.01]   0.103 [0.11]   0.317 [0.30]   0.440 [0.44]   0.447 [0.44]   1.000 [1.00]

  impulsivity
                         goodness   mathematical   impulsivenes   misalignment   random_iid_s   random_spec_   random_perm_
    goodness         1.000 [1.00]   0.845 [0.83]   0.542 [0.53]   0.550 [0.55]   0.217 [0.22]   0.186 [0.19]   0.021 [0.04]
    mathematical     0.845 [0.83]   1.000 [1.00]   0.424 [0.43]   0.432 [0.44]   0.246 [0.24]   0.184 [0.17]   0.095 [0.09]
    impulsiveness    0.542 [0.53]   0.424 [0.43]   1.000 [1.00]   0.838 [0.83]   0.249 [0.24]   0.243 [0.23]   0.118 [0.12]
    misalignment     0.550 [0.55]   0.432 [0.44]   0.838 [0.83]   1.000 [1.00]   0.283 [0.28]   0.270 [0.26]   0.179 [0.18]
    random_iid_s16   0.217 [0.22]   0.246 [0.24]   0.249 [0.24]   0.283 [0.28]   1.000 [1.00]   0.299 [0.30]   0.426 [0.42]
    random_spec_s1   0.186 [0.19]   0.184 [0.17]   0.243 [0.23]   0.270 [0.26]   0.299 [0.30]   1.000 [1.00]   0.325 [0.33]
    random_perm_s1   0.021 [0.04]   0.095 [0.09]   0.118 [0.12]   0.179 [0.18]   0.426 [0.42]   0.325 [0.33]   1.000 [1.00]

  MEAN over traits
                         goodness   mathematical   impulsivenes   misalignment   random_iid_s   random_spec_   random_perm_
    goodness         1.000 [1.00]   0.831 [0.81]   0.656 [0.64]   0.521 [0.52]   0.246 [0.24]   0.110 [0.12]   0.013 [0.03]
    mathematical     0.831 [0.81]   1.000 [1.00]   0.670 [0.66]   0.465 [0.47]   0.269 [0.26]   0.114 [0.11]   0.070 [0.07]
    impulsiveness    0.656 [0.64]   0.670 [0.66]   1.000 [1.00]   0.648 [0.65]   0.292 [0.28]   0.141 [0.13]   0.116 [0.12]
    misalignment     0.521 [0.52]   0.465 [0.47]   0.648 [0.65]   1.000 [1.00]   0.247 [0.24]   0.222 [0.21]   0.158 [0.16]
    random_iid_s16   0.246 [0.24]   0.269 [0.26]   0.292 [0.28]   0.247 [0.24]   1.000 [1.00]   0.216 [0.22]   0.379 [0.38]
    random_spec_s1   0.110 [0.12]   0.114 [0.11]   0.141 [0.13]   0.222 [0.21]   0.216 [0.22]   1.000 [1.00]   0.355 [0.36]
    random_perm_s1   0.013 [0.03]   0.070 [0.07]   0.116 [0.12]   0.158 [0.16]   0.379 [0.38]   0.355 [0.36]   1.000 [1.00]